-1641893.541675 -3664886.838119 4939968.958856 56948.631635
-1641894.517802 -3664888.179228 4939970.209878 56922.828348
-1641894.573477 -3664887.894795 4939970.210261 56898.518875
-1641894.765721 -3664886.548164 4939969.900600 56874.252638
-1641894.075403 -3664885.624717 4939969.470032 56849.844564
-1641894.611780 -3664887.549576 4939970.215021 56823.756490
-1641894.409935 -3664886.991171 4939970.136940 56798.615844
-1641894.481194 -3664886.285940 4939970.618602 56773.165875
-1641895.169416 -3664887.651645 4939970.299431 56747.019611
-1641894.645410 -3664887.370768 4939970.489111 56721.240322
-1641894.555976 -3664887.108185 4939969.992006 56695.909086
-1641894.041277 -3664886.873505 4939970.173083 56669.885787
-1641894.338897 -3664886.661866 4939970.050363 56643.954001
-1641893.065557 -3664886.041280 4939968.637611 56618.898170
-1641892.597477 -3664885.035280 4939969.135192 56592.987929
-1641891.675934 -3664883.435249 4939968.540716 56567.655521
-1641893.038366 -3664885.357146 4939968.991416 56539.607818
-1641892.768209 -3664884.098770 4939968.483604 56513.768055
-1641892.222993 -3664882.877646 4939967.867400 56487.848362
-1641891.422410 -3664882.159648 4939967.471946 56461.642125
-1641891.625589 -3664882.342825 4939967.802249 56434.029044
-1641891.387216 -3664882.288762 4939968.068974 56406.602423
-1641891.393356 -3664882.334863 4939968.485046 56378.743797
-1641890.969690 -3664881.815852 4939968.296308 56351.835995
-1641891.652364 -3664881.570456 4939967.953745 56324.210181
-1641892.043922 -3664882.124612 4939968.041697 56295.876218
-1641892.148550 -3664881.683949 4939967.895220 56268.244653
-1641891.670090 -3664882.109037 4939967.644091 56240.017648
-1641891.447874 -3664882.054960 4939967.646955 56211.601069
-1641892.251890 -3664883.132512 4939967.986484 56181.867943
-1641892.934268 -3664883.699908 4939969.168881 56152.292613
-1641891.836583 -3664882.408622 4939967.682221 56125.069030
-1641892.099276 -3664882.856064 4939968.515761 56095.244963
-1641892.622051 -3664882.924745 4939969.154867 56065.589263
-1641892.680330 -3664884.666181 4939969.749362 56035.187818
-1641893.284024 -3664884.807788 4939969.809677 56005.643000
-1641892.350272 -3664883.816866 4939968.428312 55977.567976
-1641892.451732 -3664883.562824 4939969.087011 55947.625862
-1641892.207219 -3664884.245714 4939969.381936 55917.780472
-1641893.249580 -3664885.054545 4939970.206194 55886.886472
-1641893.152379 -3664884.403432 4939970.918315 55856.436007
-1641892.264703 -3664883.256998 4939969.448293 55827.862964
-1641892.918210 -3664884.348012 4939970.100658 55796.736964
-1641893.216407 -3664885.139474 4939969.873508 55766.014250
-1641892.901420 -3664884.652741 4939969.692595 55736.018339
-1641893.014587 -3664885.411903 4939969.195893 55705.153795
-1641893.335602 -3664884.756377 4939970.310561 55674.085691
-1641892.364710 -3664884.832658 4939969.325012 55643.926839
-1641893.062504 -3664885.713554 4939970.217117 55611.992441
-1641893.010953 -3664886.487419 4939970.136727 55580.893590
-1641892.554920 -3664886.230299 4939969.536339 55550.331681
-1641893.108890 -3664885.523168 4939969.829272 55519.249273
-1641893.901761 -3664885.935409 4939970.104238 55487.524810
-1641892.950555 -3664885.435722 4939969.398937 55457.010486
-1641893.450705 -3664886.401648 4939969.892872 55424.621365
-1641893.634649 -3664885.558619 4939970.085914 55393.594496
-1641893.868330 -3664885.725002 4939970.665409 55361.419623
-1641893.290469 -3664885.530554 4939970.228324 55330.071134
-1641892.981276 -3664884.661881 4939969.463554 55299.141188
-1641892.698514 -3664883.971456 4939968.833406 55268.025426
-1641893.016201 -3664884.858198 4939969.584209 55235.134386
-1641892.962191 -3664885.488339 4939968.948101 55202.952858
-1641893.940555 -3664886.754111 4939970.400822 55169.243169
-1641892.461244 -3664885.264093 4939969.874033 55138.346278
-1641892.193324 -3664885.265002 4939968.800230 55106.681991
-1641892.030151 -3664884.528802 4939969.017391 55074.254990
-1641892.039071 -3664884.643137 4939969.249622 55041.228206
-1641892.300534 -3664884.471355 4939969.044474 55008.626256
-1641892.916564 -3664884.648541 4939969.399597 54975.146975
-1641892.510816 -3664883.420890 4939969.131559 54943.349493
-1641892.442193 -3664883.710896 4939969.254378 54909.773456
-1641892.234092 -3664882.825936 4939968.410979 54877.681943
-1641892.095930 -3664883.707652 4939968.939067 54843.829854
-1641892.214968 -3664883.310053 4939968.487007 54810.873808
-1641892.775093 -3664884.079135 4939969.778032 54776.027053
-1641893.510146 -3664884.186465 4939970.256404 54741.784527
-1641892.590103 -3664883.568914 4939969.887197 54708.530239
-1641892.702674 -3664883.426786 4939969.282962 54674.990085
-1641894.040658 -3664884.495298 4939970.224975 54639.536057
-1641893.234590 -3664884.402939 4939969.731906 54605.789083
-1641892.903963 -3664884.216619 4939969.728310 54571.629844
-1641893.418437 -3664884.563117 4939969.458954 54536.899782
-1641893.301202 -3664884.595375 4939969.307521 54502.382412
-1641892.750670 -3664883.856885 4939968.490289 54468.636918
-1641892.394974 -3664883.455942 4939968.861113 54434.009626
-1641892.021629 -3664883.297740 4939968.404987 54399.327745
-1641891.343955 -3664882.049938 4939967.645399 54365.554326
-1641892.302552 -3664883.136468 4939967.575194 54329.894623
-1641892.186553 -3664882.197877 4939967.774214 54294.988856
-1641892.116535 -3664882.850989 4939968.696982 54258.802544
-1641892.543486 -3664882.294762 4939968.350829 54223.726150
-1641892.506298 -3664883.033506 4939969.618449 54187.164093
-1641891.764074 -3664881.939181 4939968.079299 54152.884530
-1641890.698487 -3664880.608826 4939966.946182 54118.692833
-1641892.090343 -3664881.803803 4939968.792897 54080.924911
-1641892.322245 -3664882.433429 4939968.427792 54044.751841
-1641892.276270 -3664882.425949 4939968.249143 54008.664054
-1641892.681704 -3664882.085425 4939968.401124 53972.289676
-1641893.145214 -3664883.530102 4939969.059877 53934.971458
-1641893.058569 -3664883.949772 4939969.196952 53898.189021
-1641893.223320 -3664883.554730 4939968.517583 53862.165427
-1641892.879927 -3664883.286536 4939968.458485 53825.629881
-1641892.658575 -3664882.327501 4939968.027706 53789.421437
-1641891.929164 -3664882.698650 4939967.588633 53752.794309
-1641892.045822 -3664882.145805 4939967.436183 53716.449464
-1641892.893696 -3664882.413308 4939968.262410 53678.591319
-1641892.579064 -3664882.322488 4939968.453923 53641.385214
-1641892.845472 -3664882.573431 4939968.519339 53603.809899
-1641892.390497 -3664882.350916 4939969.264332 53566.299037
-1641892.005552 -3664882.419582 4939968.223953 53529.284703
-1641892.740678 -3664882.659041 4939969.301462 53491.257229
-1641892.318987 -3664881.741618 4939968.549463 53454.288796
-1641892.658218 -3664882.212923 4939968.986032 53416.119902
-1641892.212068 -3664881.412633 4939967.961479 53379.189099
-1641892.280225 -3664881.802691 4939967.954964 53340.977939
-1641891.873616 -3664881.279613 4939967.733927 53303.106878
-1641891.189023 -3664881.452793 4939967.620382 53264.963604
-1641891.291110 -3664881.757700 4939967.644958 53226.446235
-1641891.734071 -3664882.105610 4939967.930845 53187.647957
-1641892.093085 -3664883.593969 4939967.960907 53148.685133
-1641893.292752 -3664884.516255 4939968.919864 53108.696797
-1641893.125701 -3664883.803641 4939967.902931 53070.888974
-1641892.544802 -3664883.752223 4939967.967544 53032.192995
-1641892.550587 -3664883.381358 4939969.249220 52992.759199
-1641891.834535 -3664883.059558 4939967.970430 52954.663233
-1641892.009942 -3664882.600434 4939967.982656 52915.733337
-1641892.282928 -3664883.204285 4939968.824013 52875.904761
-1641893.836945 -3664884.171935 4939969.577835 52835.605796
-1641893.753559 -3664883.641881 4939968.783847 52796.925396
-1641894.249226 -3664883.135551 4939968.861671 52757.713018
-1641893.598199 -3664882.819816 4939968.835936 52718.429350
-1641893.608728 -3664883.928461 4939969.339761 52677.897805
-1641892.397632 -3664882.284615 4939968.134608 52639.575418
-1641892.456876 -3664882.122973 4939969.005062 52599.487853
-1641892.227785 -3664881.144841 4939969.157736 52559.900815
-1641892.208411 -3664882.016435 4939968.925336 52519.666563
-1641892.321577 -3664882.291806 4939968.459803 52479.650374
-1641892.311120 -3664881.995638 4939967.922598 52439.877475
-1641893.276727 -3664882.437558 4939968.750095 52398.602369
-1641891.603505 -3664881.006443 4939967.488632 52360.170291
-1641892.404236 -3664881.056553 4939968.122550 52318.724664
-1641892.155072 -3664881.260313 4939967.983805 52278.518364
-1641892.088348 -3664881.023775 4939966.844180 52238.561944
-1641891.877602 -3664881.155280 4939966.956149 52197.677984
-1641892.049468 -3664881.810892 4939967.206313 52156.572614
-1641892.656306 -3664882.806296 4939968.053189 52114.020677
-1641892.622899 -3664883.721811 4939968.732046 52072.691812
-1641893.647277 -3664884.343361 4939968.958439 52030.638616
-1641892.433346 -3664882.728657 4939967.482497 51991.268008
-1641892.728638 -3664883.183703 4939968.612508 51948.826708
-1641892.417516 -3664883.680568 4939968.689384 51907.261041
-1641892.543493 -3664883.182051 4939968.169618 51866.258384
-1641892.440767 -3664881.422859 4939967.375547 51826.031308
-1641892.474467 -3664882.315055 4939967.951049 51783.641800
-1641892.408452 -3664883.471260 4939968.200580 51741.524938
-1641892.232502 -3664882.291577 4939968.132982 51700.102681
-1641891.447906 -3664880.281174 4939966.970776 51659.524557
-1641892.061850 -3664881.418059 4939968.698596 51616.253160
-1641891.126928 -3664881.025231 4939967.844930 51574.552928
-1641891.150151 -3664881.810930 4939968.319803 51531.981615
-1641891.629978 -3664882.182631 4939968.232180 51489.191844
-1641890.651457 -3664881.961833 4939966.796712 51448.326636
-1641890.604992 -3664881.146831 4939966.328912 51406.312238
-1641891.180844 -3664882.114218 4939967.874986 51362.462243
-1641892.247818 -3664882.915533 4939968.415247 51318.842679
-1641891.375917 -3664882.139322 4939968.282502 51276.788473
-1641891.852743 -3664882.900991 4939969.130425 51232.842761
-1641891.792726 -3664882.144256 4939968.389448 51191.036501
-1641892.110599 -3664883.034741 4939968.670235 51147.415606
-1641891.636110 -3664881.984909 4939967.772995 51105.598247
-1641892.007296 -3664882.441790 4939968.368818 51061.899911
-1641891.903795 -3664880.947422 4939967.693069 51019.921757
-1641891.660793 -3664881.152297 4939967.728848 50976.740019
-1641891.740399 -3664879.919300 4939967.877636 50933.867999
-1641891.579994 -3664880.849572 4939967.397148 50890.484158
-1641891.032911 -3664880.486520 4939968.182060 50846.924618
-1641891.753649 -3664880.972880 4939968.305831 50802.945311
-1641891.890146 -3664881.226275 4939968.176065 50759.049062
-1641892.076420 -3664880.833083 4939968.496338 50715.323333
-1641892.184606 -3664881.662333 4939967.581778 50671.697018
-1641892.787152 -3664882.217354 4939968.413423 50627.213213
-1641892.957246 -3664882.608000 4939968.959784 50582.493587
-1641892.590894 -3664881.213733 4939968.011967 50539.684328
-1641893.048078 -3664881.872653 4939968.080677 50495.236904
-1641892.655055 -3664882.045800 4939967.587437 50451.024684
-1641892.935136 -3664882.679032 4939968.119317 50406.262315
-1641893.047535 -3664883.649453 4939968.439015 50361.185722
-1641892.620898 -3664883.514495 4939968.028969 50316.999893
-1641892.479322 -3664882.354696 4939967.485790 50273.187692
-1641892.030603 -3664881.845579 4939966.857438 50228.849642
-1641891.970528 -3664881.887726 4939966.800011 50184.073429
-1641892.020055 -3664881.302835 4939967.581311 50139.288195
-1641891.561524 -3664882.042006 4939967.040702 50094.202851
-1641891.397303 -3664881.545537 4939966.644800 50049.738570
-1641891.147830 -3664881.429767 4939966.587886 50004.675147
-1641891.020031 -3664881.301749 4939967.478384 49958.767433
-1641891.696322 -3664882.237168 4939967.808632 49912.655409
-1641891.582436 -3664881.811601 4939967.842191 49867.027381
-1641892.507643 -3664883.125919 4939968.699907 49820.194765
-1641892.141966 -3664882.721762 4939968.428753 49774.745410
-1641892.238809 -3664883.371322 4939968.873335 49728.407551
-1641891.927408 -3664883.283059 4939968.064464 49682.635602
-1641892.291478 -3664884.174049 4939968.852749 49635.985584
-1641892.160952 -3664883.948797 4939968.586119 49590.056180
-1641893.863406 -3664886.555541 4939969.741343 49541.453315
-1641893.114170 -3664885.036685 4939969.071760 49496.392557
-1641893.852960 -3664885.694132 4939969.063358 49449.393861
-1641894.025712 -3664885.314132 4939969.321417 49402.762313
-1641893.750465 -3664885.288522 4939969.393107 49355.920672
-1641892.951846 -3664884.716508 4939968.219690 49310.034595
-1641893.313886 -3664884.324056 4939968.713698 49262.936776
-1641894.341095 -3664884.103678 4939969.096931 49215.690587
-1641893.736122 -3664884.059879 4939968.437213 49168.925318
-1641893.146296 -3664883.980605 4939969.021243 49121.496755
-1641892.238162 -3664882.046048 4939967.289443 49076.143334
-1641891.926283 -3664882.423692 4939967.226862 49028.839171
-1641891.617464 -3664880.749608 4939967.234288 48981.934729
-1641891.806709 -3664881.853118 4939967.488121 48933.466788
-1641890.708173 -3664880.449278 4939967.013964 48886.912198
-1641891.550697 -3664881.940799 4939967.653448 48837.672654
-1641891.221460 -3664881.743079 4939967.369265 48789.897800
-1641892.082283 -3664881.917351 4939967.504647 48741.901554
-1641891.302157 -3664880.755318 4939967.065674 48694.458824
-1641891.665587 -3664881.969591 4939967.435599 48645.385226
-1641892.294475 -3664882.589692 4939967.119177 48596.920270
-1641892.138514 -3664882.020497 4939966.930430 48548.707022
-1641892.112085 -3664883.111350 4939967.801594 48498.966931
-1641891.822947 -3664881.724392 4939967.340647 48451.196151
-1641892.460220 -3664882.977776 4939968.590906 48401.047791
-1641892.343172 -3664882.773677 4939967.690868 48352.833014
-1641892.241491 -3664881.613087 4939967.527564 48304.671983
-1641893.032941 -3664883.233700 4939968.597652 48253.726941
-1641892.948429 -3664883.526010 4939968.981396 48204.374809
-1641892.547114 -3664882.735985 4939968.114903 48155.767055
-1641892.273026 -3664882.478027 4939967.621971 48106.684250
-1641892.727261 -3664882.258961 4939967.932059 48056.989995
-1641891.698486 -3664882.166266 4939967.566866 48007.679585
-1641891.996704 -3664882.531031 4939967.293422 47958.112346
-1641891.308836 -3664881.691742 4939967.218906 47908.966526
-1641891.210370 -3664881.153552 4939966.086406 47859.749851
-1641892.312486 -3664883.192947 4939966.981410 47807.958705
-1641893.016138 -3664883.595189 4939968.766611 47756.530931
-1641892.347640 -3664884.125971 4939968.162562 47706.328744
-1641891.565560 -3664883.133094 4939967.827276 47656.416402
-1641892.329682 -3664883.867551 4939968.919603 47604.853975
-1641892.297276 -3664885.220891 4939968.846559 47553.213108
-1641892.435762 -3664884.232734 4939968.101993 47503.283492
-1641892.642768 -3664883.654880 4939969.093255 47452.081550
-1641891.861455 -3664881.928909 4939968.102294 47402.347405
-1641892.245556 -3664882.359743 4939968.078417 47351.126512
-1641891.863612 -3664881.639762 4939968.050061 47300.179859
-1641891.639901 -3664880.795187 4939967.106354 47249.452359
-1641891.948812 -3664881.101370 4939968.154442 47197.365207
-1641892.401783 -3664881.908433 4939968.130137 47145.268967
-1641892.209011 -3664881.826077 4939967.672380 47093.883934
-1641891.871316 -3664881.476679 4939967.167517 47042.594396
-1641892.750254 -3664881.645571 4939968.025906 46989.884638
-1641892.832953 -3664882.192427 4939967.790771 46937.223638
-1641892.460886 -3664882.111853 4939968.549525 46885.107149
-1641893.217527 -3664883.108027 4939968.552537 46831.596191
-1641892.214139 -3664882.274410 4939968.469724 46780.144707
-1641892.228358 -3664882.591634 4939968.506162 46727.566060
-1641891.966850 -3664882.353415 4939968.225868 46674.986995
-1641892.154875 -3664881.706602 4939967.535165 46623.192802
-1641890.853274 -3664880.520285 4939966.441821 46571.989415
-1641890.755786 -3664880.672059 4939966.286848 46519.018819
-1641891.194059 -3664880.721708 4939966.527598 46465.844090
-1641890.964441 -3664880.819016 4939966.599193 46412.488967
-1641891.308039 -3664881.483379 4939966.568725 46359.103961
-1641890.607706 -3664881.035782 4939967.103192 46306.143947
-1641891.088762 -3664881.519878 4939967.123233 46252.606368
-1641891.449135 -3664881.921508 4939966.569740 46199.275724
-1641891.217696 -3664880.853334 4939966.725624 46146.259597
-1641890.995867 -3664880.586364 4939966.768259 46093.017751
-1641891.488629 -3664880.689747 4939967.199790 46038.938587
-1641891.727630 -3664881.812512 4939966.756947 45984.690215
-1641892.329453 -3664883.720741 4939967.917856 45929.075373
-1641891.856258 -3664882.202738 4939967.591294 45876.284199
-1641891.853731 -3664882.448620 4939967.924013 45821.693037
-1641891.273336 -3664880.364970 4939967.490774 45769.096396
-1641892.048247 -3664881.258546 4939968.333896 45714.026537
-1641891.189156 -3664881.275687 4939967.980599 45660.221759
-1641891.273034 -3664881.110454 4939968.142883 45605.528000
-1641892.313445 -3664882.515008 4939968.592789 45549.976282
-1641891.759727 -3664881.995141 4939968.500158 45495.961384
-1641892.872558 -3664881.871760 4939968.073626 45441.147022
-1641891.036009 -3664880.124523 4939966.563360 45388.706580
-1641890.880115 -3664879.365139 4939966.183483 45334.699005
-1641891.515736 -3664880.444793 4939967.415417 45278.536272
-1641891.465563 -3664880.664664 4939967.409716 45223.632370
-1641891.914469 -3664882.034663 4939967.905037 45167.769970
-1641891.668714 -3664881.540678 4939967.793907 45112.934836
-1641891.302785 -3664881.052522 4939967.399287 45058.821146
-1641892.208781 -3664882.993842 4939969.157581 45001.881204
-1641892.785478 -3664882.338109 4939969.341220 44946.548391
-1641891.866089 -3664882.328850 4939968.542557 44891.979301
-1641892.406384 -3664883.736845 4939969.044294 44835.928711
-1641892.421171 -3664882.181212 4939968.387325 44781.521077
-1641891.871743 -3664881.837142 4939967.544359 44727.005181
-1641891.978204 -3664882.655033 4939967.291515 44671.117293
-1641890.855861 -3664880.827085 4939966.982629 44616.622054
-1641891.736501 -3664880.629705 4939967.287538 44561.192315
-1641891.317553 -3664879.988189 4939967.193703 44506.063345
-1641891.472529 -3664880.877248 4939966.769651 44450.410837
-1641890.584817 -3664878.986617 4939965.837991 44396.195906
-1641890.191844 -3664879.499946 4939965.889623 44340.345966
-1641890.595560 -3664879.726991 4939966.282173 44284.047760
-1641890.248890 -3664879.124284 4939965.843486 44228.844174
-1641890.510795 -3664880.194306 4939967.060801 44171.423920
-1641890.432408 -3664880.958754 4939966.208321 44115.999326
-1641890.911554 -3664880.362756 4939966.480082 44060.121635
-1641891.654558 -3664881.547892 4939967.585341 44003.147333
-1641891.168191 -3664881.297953 4939967.214824 43947.220101
-1641891.659886 -3664881.190151 4939967.296732 43891.113677
-1641891.709535 -3664882.177666 4939967.713872 43834.240444
-1641891.207811 -3664881.079493 4939966.734666 43779.062654
-1641891.350705 -3664881.439090 4939967.300652 43722.401870
-1641892.163146 -3664882.350383 4939967.848135 43665.230443
-1641892.994742 -3664883.522019 4939968.994365 43607.630225
-1641892.332257 -3664883.198227 4939968.727374 43551.555316
-1641891.484378 -3664882.657549 4939967.657331 43496.095052
-1641892.434901 -3664883.386806 4939968.734437 43438.616814
-1641892.760736 -3664882.677038 4939969.298801 43381.998559
-1641892.590087 -3664882.179924 4939968.148017 43326.377183
-1641892.380524 -3664881.520768 4939967.563052 43270.529927
-1641892.353298 -3664881.115785 4939967.969887 43213.645922
-1641891.354806 -3664880.919801 4939967.664732 43157.548911
-1641891.710902 -3664881.667923 4939968.636765 43099.508215
-1641892.165457 -3664882.040556 4939968.103623 43042.873540
-1641892.157095 -3664883.096317 4939968.415302 42985.389290
-1641891.781028 -3664882.958910 4939968.685900 42928.362903
-1641891.687685 -3664883.022571 4939968.639726 42871.254843
-1641891.551364 -3664883.569207 4939968.731653 42814.069465
-1641891.716185 -3664884.664845 4939968.905102 42756.437434
-1641892.327732 -3664885.296271 4939968.525942 42699.108927
-1641892.095995 -3664884.862139 4939968.262035 42642.104163
-1641891.546369 -3664884.323286 4939968.264682 42585.379996
-1641892.287024 -3664884.451840 4939969.028742 42527.430268
-1641891.175651 -3664884.021478 4939968.156400 42470.927374
-1641892.005890 -3664884.284197 4939968.255287 42413.247614
-1641891.376810 -3664883.811150 4939967.882389 42356.240593
-1641890.236520 -3664882.266553 4939967.154470 42300.228890
-1641890.934552 -3664882.615053 4939967.005696 42242.545331
-1641891.139911 -3664882.371380 4939966.656279 42185.308018
-1641892.260493 -3664882.974210 4939967.533822 42126.832409
-1641891.478949 -3664883.183539 4939967.427967 42069.319070
-1641891.590665 -3664882.951268 4939967.617427 42011.612818
-1641890.921568 -3664882.369308 4939967.105437 41954.298379
-1641891.179263 -3664881.660109 4939967.554137 41896.522468
-1641891.225762 -3664881.928467 4939967.102674 41839.041724
-1641890.673175 -3664881.732096 4939966.578540 41781.731542
-1641891.750687 -3664882.881302 4939968.008675 41721.867553
-1641891.738290 -3664883.807657 4939968.285758 41663.342735
-1641891.556901 -3664882.598817 4939968.155658 41606.145267
-1641891.608184 -3664883.347428 4939967.629774 41547.961045
-1641891.640916 -3664883.108985 4939968.524714 41489.413549
-1641891.813305 -3664882.408918 4939968.479328 41431.508509
-1641891.811126 -3664882.253027 4939967.626663 41374.184159
-1641891.801849 -3664882.056845 4939967.993543 41315.470379
-1641892.259041 -3664882.712963 4939968.295251 41256.768242
-1641892.366641 -3664882.335130 4939968.805913 41198.336099
-1641891.570729 -3664881.766344 4939968.369796 41140.630817
-1641891.085871 -3664881.280866 4939967.757262 41082.792436
-1641890.923101 -3664881.587573 4939967.860517 41024.392253
-1641891.601160 -3664881.999666 4939969.024025 40965.006338
-1641891.824492 -3664882.965259 4939968.500082 40906.376240
-1641891.971779 -3664883.731968 4939968.401148 40847.319330
-1641891.788358 -3664883.895493 4939968.366706 40789.240155
-1641891.633085 -3664882.878045 4939968.239565 40731.335385
-1641890.918985 -3664881.570752 4939966.830057 40674.377203
-1641890.373845 -3664880.899810 4939966.568659 40616.487275
-1641890.759382 -3664881.469691 4939966.217543 40557.648302
-1641890.506156 -3664881.805044 4939966.445607 40499.025074
-1641890.913329 -3664882.199237 4939966.516751 40440.209173
-1641890.776377 -3664883.049879 4939966.718677 40381.201665
-1641891.620729 -3664883.699042 4939967.814990 40321.477244
-1641891.475421 -3664883.285742 4939967.471387 40263.626270
-1641891.518796 -3664883.545022 4939968.234613 40204.838020
-1641890.526524 -3664882.225869 4939967.406800 40147.745707
-1641891.056258 -3664883.532412 4939968.644003 40087.670489
-1641891.802854 -3664883.945956 4939968.735358 40029.070740
-1641891.367864 -3664883.852394 4939968.286622 39970.997934
-1641891.803628 -3664883.785289 4939968.297606 39912.429990
-1641892.489102 -3664885.282012 4939969.736556 39852.566943
-1641891.819656 -3664884.549264 4939968.819184 39795.539149
-1641892.095930 -3664884.254227 4939968.905977 39737.512274
-1641891.855643 -3664884.149337 4939968.540083 39679.249273
-1641891.825609 -3664883.526442 4939968.025095 39621.940495
-1641891.195182 -3664883.432802 4939967.868992 39564.008753
-1641891.295155 -3664883.839050 4939968.187988 39505.832520
-1641891.242893 -3664883.992157 4939968.229096 39447.777630
-1641890.576583 -3664883.208395 4939967.799916 39390.925795
-1641890.611721 -3664882.251155 4939967.180019 39334.010445
-1641891.568823 -3664883.755080 4939968.042091 39275.126691
-1641891.810858 -3664883.802094 4939968.629864 39217.272262
-1641892.009226 -3664884.874453 4939968.814998 39159.342264
-1641892.626192 -3664885.162053 4939969.378245 39101.209008
-1641892.152703 -3664884.935732 4939969.589337 39043.886176
-1641892.505273 -3664882.777866 4939968.349420 38988.005825
-1641891.922491 -3664883.158461 4939968.241557 38930.585508
-1641891.880823 -3664882.289572 4939968.524056 38873.631627
-1641892.390320 -3664883.089722 4939968.575591 38815.989954
-1641891.660500 -3664882.674994 4939968.618663 38759.202516
-1641891.806934 -3664881.984570 4939967.685046 38703.057952
-1641892.038120 -3664882.769000 4939968.038080 38645.508053
-1641891.834808 -3664882.641618 4939968.086638 38588.602328
-1641891.291315 -3664880.842003 4939967.858242 38532.861616
-1641892.451846 -3664883.719401 4939968.207080 38473.957055
-1641892.218910 -3664882.706270 4939968.401631 38417.722898
-1641891.781117 -3664882.887248 4939967.799402 38361.339948
-1641892.349392 -3664882.847850 4939968.461440 38304.055280
-1641891.645930 -3664881.110124 4939967.474022 38249.226605
-1641891.782745 -3664881.939728 4939967.661916 38191.934085
-1641891.763128 -3664881.630817 4939966.808901 38135.952917
-1641891.459658 -3664882.291244 4939966.948819 38079.161287
-1641890.988326 -3664881.969447 4939966.581460 38023.433856
-1641891.525042 -3664882.845309 4939967.353918 37965.994655
-1641891.721455 -3664883.178812 4939967.641781 37909.256336
-1641890.582555 -3664882.651206 4939967.254986 37853.995407
-1641890.167338 -3664881.417961 4939966.709566 37798.853776
-1641890.848098 -3664880.681037 4939967.117784 37742.710926
-1641890.443988 -3664880.752299 4939967.092685 37687.056474
-1641890.806757 -3664881.924184 4939967.606364 37630.495343
-1641891.020459 -3664882.027101 4939967.754466 37574.341469
-1641891.277405 -3664881.822416 4939968.007824 37518.517314
-1641891.618471 -3664882.267193 4939968.191706 37462.616335
-1641890.905778 -3664880.801609 4939967.958977 37408.188007
-1641891.040572 -3664880.262753 4939967.678418 37352.976458
-1641891.294805 -3664882.184768 4939967.682909 37296.330468
-1641891.355385 -3664882.758286 4939968.469280 37240.698254
-1641890.736722 -3664881.914877 4939967.782929 37186.259261
-1641891.325091 -3664881.816265 4939968.020552 37130.948436
-1641891.463096 -3664880.967917 4939967.595940 37076.580014
-1641891.279238 -3664881.324950 4939967.716859 37021.537511
-1641891.817422 -3664882.061412 4939967.963454 36965.970777
-1641891.095914 -3664881.414822 4939966.935112 36911.974337
-1641891.157528 -3664881.694355 4939967.812110 36856.709801
-1641891.149043 -3664881.338670 4939967.248367 36802.291032
-1641891.924579 -3664882.621991 4939967.096723 36747.038468
-1641891.761608 -3664882.464432 4939967.920963 36692.231515
-1641891.225520 -3664882.105506 4939966.775711 36638.490171
-1641891.474691 -3664882.732040 4939967.368287 36583.345208
-1641891.257591 -3664881.558984 4939967.140123 36529.938972
-1641892.178128 -3664882.881020 4939967.883921 36474.218240
-1641892.224580 -3664882.211768 4939967.603218 36420.802080
-1641893.036358 -3664883.331371 4939968.088679 36365.581436
-1641892.196026 -3664883.446333 4939968.216006 36311.230214
-1641891.169091 -3664881.944024 4939967.448424 36258.543720
-1641892.228681 -3664883.818450 4939967.953479 36203.222996
-1641891.455299 -3664882.227146 4939967.047817 36150.825565
-1641891.689921 -3664882.930732 4939967.717178 36096.448978
-1641891.949789 -3664882.643739 4939967.665868 36042.655731
-1641892.191995 -3664882.442547 4939968.446815 35988.920417
-1641892.516097 -3664882.891874 4939967.813728 35935.295138
-1641892.137229 -3664882.072561 4939967.767799 35882.467899
-1641891.204145 -3664880.901936 4939966.793830 35830.342295
-1641891.478693 -3664880.865280 4939966.664588 35777.233736
-1641891.629461 -3664882.100872 4939968.111749 35722.490342
-1641891.396315 -3664881.509937 4939967.524543 35670.082450
-1641892.230460 -3664883.072674 4939968.419701 35615.802478
-1641891.357767 -3664882.849761 4939967.756312 35563.548896
-1641892.405608 -3664883.609382 4939968.543298 35509.830272
-1641891.280883 -3664882.862986 4939968.469997 35457.971898
-1641892.531898 -3664883.192745 4939968.302991 35405.328602
-1641892.316319 -3664882.637514 4939968.925602 35352.761130
-1641892.312749 -3664883.035841 4939968.072056 35300.879770
-1641891.916346 -3664882.644550 4939968.698085 35248.442616
-1641891.624677 -3664882.476199 4939968.063624 35196.483561
-1641891.828172 -3664882.429335 4939967.566006 35144.779341
-1641891.733062 -3664881.556295 4939967.269337 35093.589592
-1641892.099706 -3664881.612238 4939967.941567 35041.042191
-1641891.721591 -3664881.812940 4939967.339576 34989.733753
-1641891.353374 -3664882.324772 4939967.467491 34937.726838
-1641891.491043 -3664882.681903 4939967.537853 34885.824423
-1641892.278023 -3664883.008447 4939967.700311 34834.019431
-1641892.315494 -3664883.900577 4939968.062103 34782.056615
-1641892.247104 -3664883.626058 4939967.779551 34730.896393
-1641892.185861 -3664884.090078 4939967.605632 34679.428738
-1641892.448138 -3664883.436401 4939968.099359 34628.252123
-1641892.677093 -3664884.699853 4939968.372471 34576.287117
-1641892.647793 -3664883.842233 4939967.846257 34526.160450
-1641892.760567 -3664883.349436 4939968.240563 34475.278952
-1641893.036279 -3664883.315577 4939968.321466 34423.960172
-1641892.840426 -3664883.039883 4939967.929492 34373.600999
-1641892.394936 -3664882.833359 4939968.654921 34322.535076
-1641892.500653 -3664882.885797 4939968.604707 34271.838914
-1641892.824458 -3664883.311825 4939968.084131 34220.886223
-1641892.758943 -3664883.489543 4939968.261164 34170.398874
-1641892.169030 -3664883.324144 4939968.411233 34120.029420
-1641892.517315 -3664883.072314 4939967.936164 34069.914177
-1641892.046090 -3664882.696737 4939967.995871 34019.953832
-1641892.003371 -3664882.824806 4939967.823312 33969.403284
-1641891.493667 -3664881.907477 4939966.925857 33920.473677
-1641892.043147 -3664882.714088 4939967.686701 33869.232007
-1641891.637533 -3664882.123147 4939967.369131 33819.392700
-1641891.377545 -3664882.620395 4939968.024441 33768.534527
-1641892.000400 -3664882.942713 4939968.853423 33717.739798
-1641891.790390 -3664882.338340 4939968.707137 33668.260458
-1641891.780260 -3664882.581704 4939969.268301 33617.650972
-1641892.169536 -3664883.765887 4939969.419474 33567.200138
-1641892.248015 -3664884.035024 4939969.242714 33517.294926
-1641892.844670 -3664883.959762 4939969.502069 33467.267946
-1641893.224278 -3664884.747534 4939969.728856 33417.006295
-1641892.198610 -3664884.095799 4939968.986854 33367.707093
-1641892.371883 -3664883.991996 4939968.521239 33318.275657
-1641892.536508 -3664883.924897 4939968.861423 33268.555527
-1641891.921550 -3664883.447490 4939969.807309 33218.767971
-1641891.868980 -3664883.191326 4939968.411487 33170.115664
-1641892.161613 -3664883.976223 4939968.939386 33120.008387
-1641892.063368 -3664883.104254 4939968.923435 33070.245428
-1641892.116357 -3664883.856356 4939969.133617 33020.797749
-1641892.799970 -3664884.501605 4939969.300392 32970.399226
-1641893.024086 -3664884.217994 4939969.410337 32920.973173
-1641892.430700 -3664885.095740 4939968.620954 32871.287535
-1641892.779002 -3664885.125056 4939969.438157 32821.403519
-1641892.601296 -3664884.307970 4939968.357006 32772.707613
-1641892.520745 -3664883.892118 4939968.587939 32723.531135
-1641892.837373 -3664883.404673 4939968.762605 32674.077572
-1641893.096669 -3664883.967043 4939968.459489 32624.295711
-1641892.317768 -3664883.142250 4939967.583261 32575.817541
-1641893.021665 -3664883.641169 4939968.283297 32525.617942
-1641892.649145 -3664883.026485 4939967.589502 32477.011436
-1641892.253626 -3664882.223378 4939967.968491 32427.696678
-1641892.595962 -3664882.222659 4939967.827925 32377.968441
-1641893.109850 -3664883.275238 4939968.908384 32327.207405
-1641893.012934 -3664883.247756 4939968.362264 32278.178445
-1641892.460173 -3664883.857208 4939968.140569 32228.568152
-1641892.170290 -3664883.762504 4939967.764869 32179.339383
-1641892.131239 -3664882.797707 4939967.688589 32130.553559
-1641892.499360 -3664884.585307 4939968.231289 32079.718330
-1641891.808296 -3664883.746096 4939967.654460 32031.067172
-1641892.193414 -3664883.047941 4939968.266488 31981.640303
-1641892.141934 -3664883.073725 4939968.808760 31931.861127
-1641891.417960 -3664881.917178 4939967.713827 31883.803272
-1641890.948887 -3664882.131516 4939966.602059 31835.129193
-1641892.220291 -3664883.236420 4939968.543907 31783.765304
-1641891.383723 -3664882.705160 4939967.269907 31735.325279
-1641891.777813 -3664882.310048 4939967.376864 31686.255971
-1641891.752083 -3664882.315015 4939967.237455 31636.899572
-1641892.050238 -3664883.011386 4939968.435407 31586.524512
-1641892.587034 -3664883.378867 4939968.646946 31536.565958
-1641891.678979 -3664883.076103 4939967.832540 31487.765546
-1641892.256179 -3664883.157774 4939968.571576 31437.721773
-1641892.212300 -3664883.440015 4939968.426095 31388.264699
-1641892.817441 -3664883.567105 4939968.557552 31338.573848
-1641893.100833 -3664884.616951 4939969.233319 31288.203663
-1641892.869506 -3664885.102884 4939968.477240 31238.687805
-1641892.766802 -3664885.265764 4939968.515131 31189.317909
-1641892.296500 -3664884.665443 4939968.144530 31140.261130
-1641892.083458 -3664884.174924 4939967.675089 31090.968579
-1641892.972959 -3664885.011047 4939968.563103 31040.368965
-1641891.866911 -3664884.499296 4939968.248443 30991.565832
-1641892.226507 -3664883.464607 4939968.177890 30942.344339
-1641891.604696 -3664882.510690 4939967.385349 30893.757800
-1641892.635374 -3664883.646245 4939967.759267 30842.665268
-1641892.120596 -3664882.836859 4939967.147107 30794.080492
-1641891.533736 -3664882.711489 4939968.113923 30743.862058
-1641891.864022 -3664884.059009 4939968.407239 30693.506663
-1641892.266474 -3664884.163047 4939969.179500 30643.246195
-1641891.278572 -3664882.764127 4939968.366515 30594.779307
-1641891.233734 -3664882.821319 4939968.027364 30545.033501
-1641892.412588 -3664883.821812 4939969.150438 30494.095839
-1641891.326559 -3664884.048474 4939968.842745 30444.600587
-1641891.723605 -3664883.705321 4939968.770122 30395.112225
-1641890.997897 -3664883.393800 4939968.003495 30346.210868
-1641891.354112 -3664883.434791 4939967.699489 30296.655310
-1641891.431374 -3664882.756717 4939967.942383 30247.297011
-1641891.695566 -3664883.532559 4939967.733026 30197.220376
-1641891.597998 -3664884.534048 4939968.213401 30147.042877
-1641891.922053 -3664883.061168 4939967.831067 30098.088385
-1641892.055307 -3664883.582509 4939968.096472 30047.860539
-1641891.452750 -3664883.417414 4939967.875795 29998.697457
-1641892.219542 -3664884.052996 4939968.289237 29948.341920
-1641891.974494 -3664883.586069 4939967.897957 29899.096025
-1641892.452144 -3664884.665001 4939968.675799 29848.656779
-1641892.240171 -3664884.130895 4939968.751057 29798.634015
-1641892.250548 -3664882.914278 4939967.266289 29750.640955
-1641892.240907 -3664883.435436 4939967.307660 29700.577747
-1641892.119971 -3664883.275153 4939967.989681 29650.621124
-1641892.500622 -3664882.626610 4939967.311742 29601.370232
-1641892.095653 -3664882.789452 4939967.622449 29551.539509
-1641892.478622 -3664882.906336 4939967.699580 29501.477877
-1641891.937255 -3664882.090898 4939967.072638 29452.216173
-1641891.509975 -3664883.264913 4939967.178917 29402.151889
-1641892.405041 -3664883.639047 4939967.652186 29351.507835
-1641891.363155 -3664882.345101 4939967.080304 29302.638763
-1641891.511620 -3664882.857129 4939967.206339 29252.704507
-1641891.589510 -3664883.076838 4939967.624787 29202.314288
-1641891.737242 -3664883.640850 4939966.890188 29152.152929
-1641891.748873 -3664884.032823 4939967.732324 29101.446752
-1641892.208593 -3664884.726984 4939967.861530 29050.429015
-1641892.122167 -3664885.181777 4939967.885256 29000.105146
-1641892.231222 -3664884.337813 4939968.356778 28950.109370
-1641892.167947 -3664884.293570 4939968.532388 28899.903926
-1641891.716925 -3664883.137905 4939967.874063 28850.480461
-1641891.705264 -3664883.043213 4939968.479815 28799.736380
-1641891.956696 -3664883.779193 4939968.497001 28748.729638
-1641891.250676 -3664882.777174 4939967.880802 28699.309471
-1641891.317588 -3664883.745617 4939968.018658 28648.049505
-1641892.193681 -3664883.859583 4939968.147887 28597.139382
-1641891.513384 -3664882.972394 4939967.916253 28546.975158
-1641891.176466 -3664882.113795 4939966.571263 28497.603071
-1641890.688160 -3664882.979473 4939967.416136 28445.702310
-1641891.878475 -3664884.036588 4939968.079183 28393.835736
-1641891.441746 -3664884.138360 4939968.230175 28342.897557
-1641891.294763 -3664884.536250 4939968.565296 28291.599011
-1641890.712799 -3664884.344457 4939967.412948 28241.532110
-1641890.635321 -3664884.193562 4939967.427708 28190.641729
-1641891.281215 -3664884.628590 4939967.439323 28138.912161
-1641891.269345 -3664883.569161 4939967.143841 28088.362562
-1641891.844110 -3664884.023346 4939967.651379 28036.736184
-1641892.119094 -3664883.336389 4939967.800344 27985.807868
-1641891.934480 -3664883.042536 4939967.233105 27934.688054
-1641892.371154 -3664883.303832 4939967.964401 27882.836570
-1641892.304473 -3664883.760668 4939968.619111 27830.705817
-1641892.122977 -3664883.222438 4939968.400059 27779.663640
-1641891.743382 -3664881.460032 4939967.493329 27729.422912
-1641892.310513 -3664882.936403 4939967.751949 27677.015680
-1641891.981836 -3664881.989271 4939966.644355 27626.453970
-1641892.592449 -3664882.455672 4939966.517130 27574.478878
-1641892.203365 -3664882.112455 4939966.496434 27522.992928
-1641892.607925 -3664883.318580 4939967.629723 27469.610356
-1641891.548081 -3664881.929034 4939967.230161 27418.690073
-1641892.860969 -3664884.982374 4939967.706239 27365.217621
-1641892.299253 -3664883.991933 4939967.936761 27313.488358
-1641891.853335 -3664884.317780 4939967.011459 27261.779296
-1641892.134565 -3664884.743083 4939967.698296 27209.245004
-1641891.962271 -3664883.935200 4939967.259763 27157.913642
-1641891.508802 -3664883.573350 4939967.106593 27106.301743
-1641891.594682 -3664883.555477 4939967.843930 27053.875060
-1641891.595623 -3664883.160110 4939967.357221 27002.269588
-1641891.064611 -3664883.814917 4939966.961123 26949.987493
-1641891.294416 -3664883.010767 4939967.364624 26897.808547
-1641891.282116 -3664883.396607 4939967.380118 26845.540382
-1641891.063698 -3664882.396621 4939966.935822 26793.884898
-1641891.933483 -3664884.473645 4939969.033963 26739.241393
-1641891.777841 -3664884.947391 4939968.295883 26687.092013
-1641891.654210 -3664884.486464 4939968.308053 26634.939916
-1641891.847357 -3664883.415105 4939968.480103 26582.741466
-1641891.775997 -3664885.368413 4939968.471191 26529.429040
-1641891.663825 -3664884.083322 4939968.032284 26477.451975
-1641891.371207 -3664883.979357 4939967.505462 26425.523876
-1641891.021920 -3664884.132166 4939967.778880 26372.876203
-1641891.162000 -3664884.981820 4939967.656359 26319.621345
-1641891.516941 -3664885.898787 4939968.380359 26266.145953
-1641891.663643 -3664885.248534 4939968.192855 26213.693916
-1641892.036303 -3664884.727802 4939968.703708 26160.922736
-1641891.888222 -3664884.480152 4939969.074656 26107.909016
-1641891.849755 -3664883.938868 4939968.603162 26055.280495
-1641892.104507 -3664883.702434 4939968.426963 26002.399624
-1641892.197938 -3664883.397358 4939968.619362 25949.330418
-1641892.108414 -3664884.706734 4939967.851463 25896.314026
-1641892.109449 -3664883.913257 4939967.896687 25843.481075
-1641891.392759 -3664883.281655 4939967.300554 25791.014780
-1641892.109781 -3664884.530695 4939966.872874 25737.481151
-1641892.195445 -3664883.612999 4939966.488615 25684.850300
-1641891.297002 -3664883.730023 4939966.453272 25631.610024
-1641891.314320 -3664883.716433 4939968.049817 25577.250974
-1641891.759426 -3664885.464705 4939967.319478 25523.297501
-1641891.366344 -3664885.343568 4939968.324021 25469.187696
-1641891.874216 -3664885.875767 4939968.007089 25415.639836
-1641892.102678 -3664887.035474 4939969.112351 25360.881557
-1641891.711269 -3664885.546104 4939968.003676 25308.610670
-1641892.637056 -3664886.544152 4939968.876936 25253.950873
-1641892.352562 -3664885.961572 4939969.095478 25200.252442
-1641893.255886 -3664886.075855 4939969.633908 25145.849302
-1641892.108067 -3664884.367742 4939967.744743 25093.935106
-1641893.173572 -3664885.137011 4939969.337644 25038.536469
-1641892.692465 -3664885.377166 4939968.839592 24984.676418
-1641892.472734 -3664885.350593 4939968.830917 24930.450205
-1641892.318226 -3664885.242364 4939968.996539 24876.542107
-1641893.002638 -3664885.934509 4939968.609132 24821.999738
-1641893.366310 -3664885.715041 4939969.394705 24767.401010
-1641893.230117 -3664886.208195 4939969.547925 24712.655767
-1641892.914520 -3664885.298729 4939968.367690 24659.610098
-1641891.947821 -3664885.025077 4939968.651188 24605.328363
-1641891.886906 -3664884.414290 4939968.755128 24550.917089
-1641892.276576 -3664885.548879 4939968.477757 24495.528572
-1641891.888253 -3664885.515172 4939968.761782 24440.783819
-1641891.580376 -3664884.995713 4939968.395355 24386.559231
-1641891.868133 -3664885.076743 4939968.096083 24331.738327
-1641892.241300 -3664884.828391 4939968.001739 24276.865205
-1641891.802125 -3664884.477566 4939967.555322 24222.642044
-1641892.557319 -3664886.378781 4939967.268871 24166.697770
-1641892.514013 -3664885.017839 4939968.418881 24111.304834
-1641892.571435 -3664884.849929 4939967.454989 24056.880206
-1641893.161308 -3664885.672325 4939968.041214 24000.949542
-1641892.032273 -3664884.290051 4939968.285585 23945.840927
-1641892.441772 -3664884.306446 4939968.140593 23890.621884
-1641892.896459 -3664884.819468 4939967.979265 23834.867281
-1641892.088910 -3664883.356798 4939966.664828 23781.166889
-1641892.880917 -3664883.981640 4939968.010628 23724.482998
-1641892.774532 -3664884.811590 4939968.037894 23668.557530
-1641892.757744 -3664884.604709 4939967.705357 23612.943533
-1641892.060766 -3664884.152055 4939966.487059 23558.052276
-1641892.224718 -3664882.311973 4939967.084942 23502.460309
-1641891.072020 -3664882.968938 4939966.393963 23446.951407
-1641892.607652 -3664882.608217 4939966.317754 23391.044157
-1641892.580698 -3664884.051645 4939968.146233 23333.294586
-1641892.919870 -3664884.081511 4939968.912809 23276.940768
-1641892.392394 -3664884.028520 4939968.031169 23221.269643
-1641891.956603 -3664883.420912 4939966.836989 23166.130256
-1641892.127608 -3664883.703474 4939966.315192 23110.413182
-1641892.640023 -3664884.918088 4939968.196927 23051.923820
-1641892.885690 -3664884.965394 4939968.194735 22995.811626
-1641893.041040 -3664885.035092 4939969.193275 22938.614582
-1641893.187666 -3664885.802448 4939969.722359 22881.583616
-1641893.128450 -3664886.007253 4939969.288900 22825.049095
-1641892.789709 -3664884.795636 4939968.319382 22769.843038
-1641893.814176 -3664886.391231 4939969.766697 22711.785586
-1641893.424912 -3664885.623358 4939969.255392 22655.995463
-1641892.819150 -3664885.017596 4939968.341986 22600.022149
-1641892.463683 -3664884.580864 4939968.456872 22543.989424
-1641892.911265 -3664884.325282 4939968.682511 22486.995277
-1641892.719358 -3664884.093607 4939969.062742 22430.329554
-1641893.141530 -3664884.727051 4939969.448415 22372.821381
-1641892.669766 -3664884.383691 4939968.931760 22316.607429
-1641892.360551 -3664884.106088 4939968.038355 22260.268406
-1641892.441295 -3664884.408744 4939968.676481 22202.717486
-1641892.820931 -3664884.413245 4939968.463693 22146.324795
-1641892.226726 -3664883.639967 4939967.720090 22089.618865
-1641892.562406 -3664883.794529 4939967.601923 22032.444461
-1641892.366142 -3664883.335885 4939967.616836 21975.628265
-1641892.220145 -3664883.643801 4939966.785738 21918.440703
-1641892.086111 -3664884.674981 4939968.204594 21859.940373
-1641891.896084 -3664884.673548 4939967.899187 21802.861828
-1641892.075485 -3664884.930372 4939967.938793 21745.161507
-1641892.475190 -3664884.456482 4939967.825899 21687.586117
-1641892.471754 -3664885.344379 4939967.774750 21629.548605
-1641892.216240 -3664885.084027 4939967.604050 21572.359994
-1641891.868926 -3664883.925542 4939967.324082 21515.207054
-1641891.930713 -3664884.109678 4939967.242089 21457.180730
-1641892.223552 -3664884.937502 4939967.932276 21398.407448
-1641891.545367 -3664884.022094 4939967.356448 21341.169211
-1641892.390067 -3664884.256143 4939968.064830 21282.621016
-1641892.053430 -3664883.326809 4939967.791544 21225.037172
-1641892.572678 -3664884.372501 4939968.659958 21165.742248
-1641892.125488 -3664883.710641 4939967.634717 21108.530595
-1641892.351895 -3664884.295515 4939968.010693 21049.677510
-1641892.975578 -3664884.920665 4939967.983502 20991.025508
-1641892.238782 -3664884.230756 4939967.705344 20933.226497
-1641892.332000 -3664883.215664 4939966.868033 20875.740834
-1641892.397624 -3664883.463441 4939967.859820 20816.614611
-1641892.359315 -3664883.459047 4939967.271144 20758.276804
-1641891.855762 -3664882.773249 4939967.565536 20699.914987
-1641892.455201 -3664882.002034 4939967.431237 20641.895125
-1641891.648441 -3664882.451535 4939965.925618 20583.614854
-1641892.177027 -3664882.592477 4939966.941071 20524.180756
-1641891.355934 -3664881.781402 4939966.648750 20466.189594
-1641892.013507 -3664882.983994 4939967.099378 20406.330350
-1641891.496070 -3664883.262303 4939966.905685 20347.355228
-1641891.726295 -3664882.557222 4939967.569772 20288.297739
-1641892.019394 -3664882.404875 4939967.023099 20229.667518
-1641891.722491 -3664882.951516 4939967.034967 20170.359832
-1641892.254317 -3664883.547211 4939968.416127 20109.985307
-1641891.712505 -3664882.020076 4939966.924937 20052.496700
-1641892.472082 -3664883.412548 4939968.083522 19991.695456
-1641892.158805 -3664883.744504 4939967.801427 19932.445746
-1641892.387739 -3664884.457079 4939968.272964 19872.421449
-1641892.821476 -3664884.623352 4939968.297146 19812.597455
-1641893.258060 -3664884.839263 4939968.581557 19752.594890
-1641892.806663 -3664884.467021 4939967.867099 19693.717211
-1641892.973322 -3664884.544256 4939967.041599 19634.505992
-1641892.605501 -3664884.017514 4939967.478508 19574.755556
-1641892.271755 -3664884.221032 4939967.498369 19515.009561
-1641892.946343 -3664885.307384 4939968.604802 19453.681054
-1641892.990278 -3664883.856992 4939968.794511 19394.497366
-1641892.822152 -3664884.776540 4939968.914722 19333.897341
-1641892.888948 -3664884.774449 4939969.078054 19273.555281
-1641891.688728 -3664883.075191 4939967.829885 19215.382060
-1641892.312807 -3664882.602053 4939967.582079 19155.451770
-1641891.915918 -3664882.577062 4939966.616418 19095.798541
-1641892.396954 -3664882.948427 4939967.062495 19035.408635
-1641891.789430 -3664881.551221 4939967.075940 18975.821686
-1641891.864869 -3664882.232595 4939967.848637 18914.730954
-1641892.167105 -3664881.533427 4939968.002541 18854.499206
-1641892.642785 -3664880.866392 4939968.412421 18793.722817
-1641892.698545 -3664881.394280 4939968.587915 18732.940264
-1641892.471009 -3664880.671850 4939968.034459 18672.713766
-1641892.220956 -3664881.021474 4939967.917191 18611.824434
-1641892.433321 -3664881.719667 4939967.730156 18550.839424
-1641892.868280 -3664881.484492 4939968.635143 18489.639192
-1641891.931848 -3664881.383164 4939967.358812 18429.300902
-1641892.034603 -3664881.869737 4939967.644175 18367.647225
-1641892.896056 -3664882.182098 4939968.398766 18305.524872
-1641892.053430 -3664881.680248 4939967.215601 18245.684603
-1641892.388583 -3664882.072680 4939968.027290 18183.275203
-1641892.450619 -3664881.846314 4939967.465230 18122.202454
-1641892.295845 -3664881.082522 4939967.496783 18061.173735
-1641891.956197 -3664882.124701 4939967.373792 17999.174414
-1641891.869346 -3664881.883940 4939966.397531 17938.199583
-1641891.648334 -3664882.510805 4939966.803173 17875.730810
-1641891.620167 -3664882.196683 4939966.966609 17813.886668
-1641892.318685 -3664881.528638 4939966.934087 17752.342187
-1641892.208647 -3664883.355198 4939967.254994 17689.070377
-1641892.324620 -3664883.393389 4939967.793263 17626.565825
-1641891.737392 -3664881.145874 4939965.678954 17566.879745
-1641891.533408 -3664881.801343 4939966.670057 17503.663784
-1641891.920106 -3664882.385084 4939967.017220 17440.850116
-1641891.809225 -3664882.205369 4939966.298976 17378.989045
-1641891.720055 -3664881.875452 4939966.766809 17316.210248
-1641891.872703 -3664882.065136 4939966.944734 17253.594432
-1641891.421897 -3664881.651719 4939966.270671 17191.752125
-1641892.052560 -3664883.266645 4939966.417730 17128.006527
-1641892.832204 -3664882.477598 4939967.573118 17064.711287
-1641892.126131 -3664881.364744 4939968.052184 17002.279778
-1641892.161647 -3664882.519454 4939966.870130 16939.523696
-1641892.744213 -3664882.513931 4939967.623260 16876.165837
-1641892.497264 -3664882.072891 4939967.890034 16813.306782
-1641892.270429 -3664882.540169 4939968.392576 16749.758667
-1641892.454110 -3664882.323369 4939967.994263 16686.801903
-1641892.549298 -3664883.598604 4939968.216606 16622.907521
-1641891.741247 -3664882.890270 4939967.511826 16560.381248
-1641891.958750 -3664882.851823 4939967.704203 16497.233744
-1641891.327988 -3664881.294896 4939967.594736 16434.584636
-1641891.941755 -3664882.206588 4939968.469530 16370.102473
-1641891.654425 -3664882.079152 4939967.405450 16307.554152
-1641892.299113 -3664882.431571 4939968.386760 16243.024556
-1641891.294744 -3664883.020344 4939967.290614 16179.844146
-1641891.805256 -3664883.076345 4939967.430428 16116.356872
-1641892.193969 -3664882.019015 4939967.330017 16052.764258
-1641891.965510 -3664881.697028 4939966.677670 15989.911622
-1641892.398291 -3664881.508866 4939967.668294 15925.541422
-1641892.177338 -3664881.874280 4939967.725202 15861.505502
-1641892.555410 -3664883.107135 4939967.891766 15796.691125
-1641891.870291 -3664882.589121 4939966.990310 15733.791558
-1641891.497324 -3664882.026975 4939966.829654 15670.278700
-1641891.464371 -3664882.766973 4939967.047643 15605.800668
-1641891.886222 -3664883.302594 4939966.528608 15541.834031
-1641892.028727 -3664882.793795 4939966.163629 15478.089231
-1641891.520612 -3664882.604312 4939965.900712 15414.129289
-1641892.208152 -3664883.677439 4939967.358262 15348.569816
-1641891.880376 -3664882.933530 4939966.714009 15285.490719
-1641891.552316 -3664882.445692 4939967.188320 15220.916964
-1641891.830045 -3664881.681264 4939967.963943 15156.770076
-1641891.581613 -3664881.448657 4939967.139878 15093.098181
-1641891.691140 -3664881.745630 4939967.233238 15028.318121
-1641891.771371 -3664882.027473 4939967.834349 14963.666435
-1641892.470842 -3664882.142723 4939968.048149 14898.810071
-1641891.830399 -3664881.595174 4939966.225490 14835.838347
-1641891.705467 -3664881.368556 4939966.062727 14771.555624
-1641892.222778 -3664882.139021 4939967.611534 14705.622985
-1641892.799423 -3664881.942773 4939966.976710 14641.301627
-1641892.017205 -3664882.817921 4939967.380521 14576.089571
-1641892.438321 -3664882.462008 4939967.635634 14511.159076
-1641891.817770 -3664881.850016 4939966.658788 14447.412945
-1641891.768189 -3664881.429332 4939966.975042 14382.374589
-1641891.739875 -3664881.024639 4939966.066283 14318.248154
-1641891.839650 -3664882.444594 4939967.039697 14251.904940
-1641891.919780 -3664881.962872 4939967.103439 14186.983874
-1641891.818912 -3664882.771091 4939967.289653 14121.510933
-1641892.105016 -3664882.337031 4939967.989571 14056.047287
-1641892.287284 -3664881.916596 4939966.914558 13991.895412
-1641892.887152 -3664882.134280 4939967.884979 13925.731368
-1641892.389494 -3664882.411461 4939967.800586 13860.278582
-1641891.801923 -3664882.059774 4939968.179048 13795.046599
-1641892.424172 -3664882.399028 4939968.808791 13728.807985
-1641891.963979 -3664882.118376 4939968.099593 13664.090990
-1641891.627982 -3664882.806572 4939967.590007 13598.714083
-1641891.866263 -3664882.506419 4939967.786402 13532.847730
-1641890.890634 -3664882.512829 4939966.698772 13468.660172
-1641891.592266 -3664882.164314 4939966.250968 13403.236034
-1641891.896767 -3664882.888479 4939967.086786 13336.358091
-1641891.703029 -3664883.253531 4939966.230045 13271.151455
-1641891.328403 -3664881.381034 4939966.566548 13206.090314
-1641891.430779 -3664882.445869 4939966.428832 13139.809542
-1641890.886744 -3664882.275655 4939966.368610 13074.188942
-1641890.595450 -3664881.619716 4939965.316280 13009.207942
-1641890.822087 -3664880.975815 4939965.788512 12943.485688
-1641890.886192 -3664881.217914 4939965.676616 12877.511002
-1641891.065822 -3664881.247170 4939965.000865 12811.782224
-1641890.637750 -3664881.026121 4939966.180026 12745.565891
-1641890.937114 -3664881.016593 4939967.095551 12679.120390
-1641891.113685 -3664881.488915 4939966.663873 12612.948421
-1641891.430331 -3664881.198085 4939967.419618 12546.832524
-1641891.775791 -3664881.659171 4939968.057499 12479.646193
-1641891.376184 -3664881.438620 4939968.439097 12413.756817
-1641890.874007 -3664881.119843 4939967.472754 12348.174561
-1641892.374888 -3664882.525546 4939968.643017 12280.673393
-1641891.040749 -3664880.733845 4939967.407795 12216.077996
-1641891.171448 -3664881.538461 4939967.720982 12149.361043
-1641890.916666 -3664882.077993 4939967.039938 12083.263434
-1641891.485198 -3664881.707887 4939966.833703 12017.334046
-1641891.104390 -3664881.934793 4939967.436517 11950.647736
-1641891.631071 -3664881.511292 4939968.102453 11883.890803
-1641891.377207 -3664882.004733 4939967.753877 11817.597446
-1641892.053817 -3664881.595105 4939967.686396 11751.462402
-1641891.532771 -3664881.766940 4939966.647141 11685.544149
-1641891.566808 -3664881.467475 4939966.643572 11618.775916
-1641891.321704 -3664881.813965 4939965.936630 11553.058348
-1641891.798624 -3664882.643079 4939967.218020 11485.106929
-1641891.405160 -3664882.206860 4939966.184963 11419.629793
-1641891.268688 -3664882.273071 4939966.551498 11352.901161
-1641891.308068 -3664883.038801 4939967.321410 11285.637079
-1641891.463632 -3664882.699246 4939967.236303 11219.224439
-1641891.229366 -3664882.473323 4939967.551537 11152.493030
-1641890.168686 -3664880.271927 4939966.288845 11087.825280
-1641891.229442 -3664882.666529 4939967.005199 11019.340504
-1641890.650625 -3664881.040863 4939966.077615 10954.173376
-1641890.983019 -3664882.110747 4939967.311322 10886.116725
