-1641892.148245 -3664885.320009 4939968.362199 56949.843106
-1641892.430341 -3664885.017538 4939968.501787 56925.593762
-1641892.563650 -3664884.987571 4939968.975748 56900.878943
-1641892.972091 -3664884.553361 4939968.407786 56876.255311
-1641892.810745 -3664884.501527 4939968.493879 56851.062040
-1641892.659183 -3664886.172305 4939968.738897 56825.418980
-1641892.780603 -3664885.540444 4939968.762385 56800.240835
-1641893.006169 -3664885.749511 4939969.907828 56773.913134
-1641893.535251 -3664885.805113 4939969.643028 56748.458316
-1641892.485543 -3664884.649604 4939969.016746 56723.646612
-1641893.404147 -3664886.358413 4939969.426442 56696.679181
-1641892.481368 -3664885.115109 4939968.926140 56671.612720
-1641893.230917 -3664885.241795 4939969.215055 56645.244894
-1641892.093204 -3664884.478790 4939967.541171 56620.409330
-1641892.037971 -3664885.035422 4939969.076726 56593.043987
-1641890.766053 -3664882.651973 4939968.058042 56568.393732
-1641892.158085 -3664885.476858 4939968.833438 56539.664721
-1641892.347300 -3664884.654266 4939968.534072 56513.455484
-1641891.669414 -3664883.098314 4939967.458454 56487.984910
-1641891.030963 -3664882.928907 4939967.080454 56461.462495
-1641891.372744 -3664883.128993 4939967.938151 56433.537797
-1641891.508882 -3664884.128956 4939968.897098 56405.129004
-1641891.495413 -3664883.736765 4939969.304017 56377.514026
-1641891.161669 -3664884.863272 4939969.663901 56349.388582
-1641891.832417 -3664884.552448 4939968.835787 56322.073744
-1641892.008841 -3664883.588343 4939968.348091 56294.910240
-1641891.820104 -3664882.783954 4939967.846082 56267.685177
-1641891.397682 -3664883.410776 4939967.794317 56239.233081
-1641891.641633 -3664883.908095 4939967.946070 56210.410301
-1641892.088199 -3664884.201315 4939968.157438 56181.196319
-1641892.105001 -3664883.208417 4939968.188124 56153.151195
-1641891.929381 -3664884.209445 4939968.274829 56123.745072
-1641891.979116 -3664884.294644 4939969.010331 56094.182869
-1641891.816843 -3664883.863814 4939969.540103 56064.887340
-1641891.848813 -3664884.370059 4939969.720122 56035.393735
-1641892.262093 -3664884.229106 4939969.295474 56006.283580
-1641891.816838 -3664883.950636 4939968.883182 55977.256492
-1641892.534314 -3664883.805253 4939969.365910 55947.336332
-1641892.239142 -3664884.556794 4939969.249993 55917.687538
-1641892.947557 -3664885.160697 4939969.818447 55887.060261
-1641892.701664 -3664884.599840 4939970.562770 55856.549847
-1641891.723805 -3664883.396474 4939969.400652 55827.836422
-1641892.175743 -3664883.190255 4939968.929585 55798.061984
-1641892.298473 -3664883.379082 4939968.686153 55767.686102
-1641892.226296 -3664883.558627 4939968.673179 55737.228939
-1641891.800484 -3664883.425495 4939967.751621 55707.113347
-1641892.588392 -3664884.455842 4939969.743693 55674.609241
-1641891.754080 -3664884.891426 4939969.162955 55644.020409
-1641892.273890 -3664885.261646 4939969.697210 55612.568047
-1641891.908752 -3664886.306703 4939970.033356 55581.089181
-1641891.843051 -3664886.389566 4939969.652448 55550.205734
-1641892.190549 -3664885.033226 4939969.320280 55519.839320
-1641892.495271 -3664885.697155 4939969.303663 55488.158161
-1641892.028096 -3664885.762446 4939969.234034 55456.964736
-1641892.123128 -3664886.021647 4939969.591745 55425.044530
-1641892.962366 -3664886.515409 4939969.933258 55393.186202
-1641892.632661 -3664885.935985 4939970.272093 55361.568486
-1641892.114337 -3664884.806003 4939969.327454 55331.019347
-1641892.080149 -3664884.648616 4939968.997702 55299.446306
-1641891.876092 -3664884.162271 4939968.168094 55268.326134
-1641891.699862 -3664883.373429 4939968.312892 55236.712378
-1641891.675210 -3664883.033872 4939967.488893 55205.160596
-1641892.299876 -3664884.487343 4939968.787083 55171.450558
-1641891.124036 -3664882.444639 4939968.189768 55140.881760
-1641891.020290 -3664882.404573 4939967.038220 55109.285450
-1641891.220656 -3664883.576043 4939968.509506 55075.087618
-1641891.257066 -3664884.097697 4939968.616495 55041.907279
-1641891.420629 -3664883.155504 4939968.051561 55009.937145
-1641891.973231 -3664884.008875 4939968.912910 54975.804992
-1641891.929775 -3664883.826100 4939968.676772 54943.409971
-1641892.367669 -3664885.429094 4939969.698477 54908.596580
-1641891.795664 -3664883.846735 4939968.180039 54877.280807
-1641891.308924 -3664883.789981 4939968.488885 54844.068259
-1641892.159074 -3664884.080172 4939968.374760 54810.522490
-1641892.067373 -3664884.563384 4939968.987885 54776.236243
-1641892.659291 -3664884.355861 4939969.908045 54741.919492
-1641892.426553 -3664884.669073 4939970.376743 54707.658301
-1641892.119713 -3664884.156574 4939969.145343 54674.689968
-1641893.060089 -3664884.314998 4939969.505792 54640.081178
-1641891.948753 -3664883.280773 4939968.573019 54607.106595
-1641892.435153 -3664885.208523 4939969.406057 54571.299647
-1641892.565520 -3664883.713353 4939968.776588 54537.781952
-1641891.930823 -3664883.464177 4939968.467882 54503.522415
-1641891.933079 -3664884.285925 4939968.116983 54468.644176
-1641891.327241 -3664883.621322 4939968.009985 54434.445422
-1641891.118645 -3664883.587944 4939967.934928 54399.475735
-1641890.138825 -3664881.972488 4939966.622872 54366.229290
-1641891.192004 -3664883.470971 4939966.663289 54330.279389
-1641891.156551 -3664883.005545 4939967.235983 54294.895722
-1641891.415799 -3664884.032753 4939968.482755 54258.315267
-1641892.332790 -3664884.496225 4939968.714576 54222.341058
-1641891.498419 -3664883.490734 4939969.206621 54187.194726
-1641892.022156 -3664883.888817 4939968.974953 54151.312614
-1641891.127715 -3664883.420150 4939968.221453 54116.434115
-1641891.896236 -3664884.176985 4939969.139208 54079.448747
-1641892.280117 -3664884.312204 4939968.995269 54043.408827
-1641892.035726 -3664882.804282 4939967.961421 54008.632599
-1641892.503377 -3664882.891462 4939968.653770 53971.724287
-1641892.250426 -3664884.025479 4939968.466232 53935.076575
-1641892.137375 -3664884.480171 4939969.138870 53897.960134
-1641892.601189 -3664884.435473 4939968.599155 53861.653455
-1641892.426506 -3664884.843310 4939969.174783 53824.386261
-1641892.065763 -3664883.043611 4939968.419899 53788.824905
-1641891.553964 -3664884.628569 4939967.985080 53751.534770
-1641891.963080 -3664883.865350 4939967.869415 53715.282864
-1641892.547133 -3664884.751804 4939968.621909 53677.138171
-1641892.010373 -3664883.864678 4939968.887269 53640.331860
-1641892.313214 -3664883.698107 4939968.871084 53603.023992
-1641891.478368 -3664883.542917 4939969.401784 53565.598025
-1641891.365635 -3664884.259339 4939968.751106 53528.005531
-1641891.954266 -3664884.230770 4939969.452085 53490.340523
-1641891.849104 -3664883.862585 4939969.139503 53452.817180
-1641891.873034 -3664882.676866 4939968.589280 53416.122970
-1641891.890225 -3664882.632398 4939968.068960 53378.482604
-1641892.052591 -3664883.026314 4939968.204888 53340.190006
-1641892.235329 -3664882.250839 4939968.020195 53302.414034
-1641891.516961 -3664882.529766 4939967.802281 53264.275567
-1641891.815402 -3664884.011451 4939968.683626 53224.623193
-1641891.726102 -3664883.883775 4939968.847884 53186.159731
-1641891.584485 -3664883.606143 4939967.985772 53148.677703
-1641892.356828 -3664884.233885 4939968.718821 53108.985755
-1641892.119122 -3664883.546018 4939967.147307 53071.487071
-1641891.598928 -3664883.314788 4939967.513018 53032.716663
-1641891.653575 -3664884.004367 4939969.085242 52992.538543
-1641891.400275 -3664883.526105 4939967.991207 52954.405106
-1641891.564812 -3664884.308774 4939968.485036 52914.527933
-1641891.459027 -3664884.539555 4939969.457711 52874.832413
-1641892.885665 -3664886.282187 4939970.179479 52834.140219
-1641892.775999 -3664885.037287 4939969.005319 52796.071298
-1641893.721097 -3664885.230044 4939969.157143 52756.432266
-1641892.795031 -3664884.282956 4939968.649764 52717.769436
-1641892.556570 -3664885.128651 4939969.121565 52677.400026
-1641892.311812 -3664884.456677 4939969.016635 52637.903396
-1641892.766108 -3664886.029585 4939970.671172 52596.419985
-1641892.473083 -3664884.957275 4939970.580344 52557.021388
-1641892.162999 -3664884.666969 4939969.790845 52517.741459
-1641892.426841 -3664885.483496 4939969.716719 52477.207829
-1641892.718259 -3664886.249590 4939969.770555 52436.505656
-1641893.178399 -3664885.823786 4939969.809179 52396.167150
-1641892.426055 -3664884.995457 4939969.152992 52357.041392
-1641893.096875 -3664884.935420 4939970.164396 52315.442023
-1641892.785148 -3664884.097612 4939969.407112 52276.152998
-1641893.351173 -3664884.425520 4939968.774655 52235.586316
-1641892.689197 -3664884.183969 4939968.779920 52194.968252
-1641892.713093 -3664884.579091 4939968.370610 52154.394526
-1641893.013600 -3664884.569831 4939969.034899 52112.493883
-1641892.656278 -3664884.714961 4939969.073135 52071.967786
-1641893.395896 -3664885.893236 4939969.796236 52029.323784
-1641892.894052 -3664885.211525 4939969.177427 51988.938696
-1641892.606460 -3664884.600600 4939969.462296 51947.568387
-1641892.013833 -3664884.693517 4939969.313541 51906.363427
-1641892.494759 -3664884.535502 4939968.980804 51865.061985
-1641892.334173 -3664883.743533 4939968.338146 51824.228135
-1641892.458185 -3664884.258770 4939968.608560 51782.219479
-1641892.659202 -3664885.682084 4939969.029304 51739.853719
-1641892.423876 -3664883.982587 4939968.475955 51698.998479
-1641891.902760 -3664883.158514 4939967.846147 51657.465587
-1641892.093041 -3664884.068313 4939969.494621 51614.369436
-1641891.283506 -3664883.324111 4939968.629047 51572.857409
-1641890.908550 -3664883.523596 4939968.723344 51530.830431
-1641891.613096 -3664883.558402 4939968.687990 51488.193928
-1641891.037504 -3664884.226441 4939967.624857 51446.625465
-1641890.872105 -3664882.938295 4939966.909587 51405.010457
-1641891.483115 -3664884.646102 4939968.641205 51360.658166
-1641892.261336 -3664885.234303 4939969.131289 51317.186614
-1641891.504509 -3664884.533182 4939969.395667 51274.860948
-1641891.670808 -3664885.435151 4939969.726062 51231.153394
-1641891.890696 -3664884.908482 4939969.561459 51188.879170
-1641892.238816 -3664885.205009 4939969.517194 51145.764410
-1641891.733111 -3664884.798725 4939968.538757 51103.653491
-1641892.228221 -3664884.570524 4939969.175229 51060.294334
-1641892.172180 -3664883.654569 4939968.764716 51017.861009
-1641891.733471 -3664883.986960 4939968.581580 50974.725261
-1641891.875524 -3664883.110743 4939969.103959 50931.447942
-1641891.800421 -3664883.339360 4939968.342564 50888.601813
-1641891.439746 -3664883.226114 4939969.407310 50844.740920
-1641891.633884 -3664883.536555 4939969.070705 50801.136192
-1641891.936768 -3664883.837078 4939969.206543 50757.056458
-1641891.812386 -3664884.610208 4939969.614131 50712.654318
-1641892.078362 -3664884.169575 4939968.359336 50669.912119
-1641892.179533 -3664884.691362 4939969.214420 50625.441205
-1641892.106888 -3664883.832341 4939969.516825 50581.533306
-1641891.930942 -3664883.322064 4939968.765294 50538.132132
-1641892.637344 -3664884.364573 4939969.064161 50493.342717
-1641891.752445 -3664883.654974 4939968.267362 50449.787405
-1641891.695456 -3664883.774366 4939968.329623 50405.576358
-1641891.937224 -3664884.975487 4939969.206698 50360.039120
-1641891.688204 -3664883.718943 4939967.897021 50316.980503
-1641891.923896 -3664884.401346 4939968.289051 50271.636243
-1641891.265549 -3664884.598244 4939967.993077 50226.725981
-1641891.712580 -3664884.970454 4939968.153721 50181.637599
-1641891.705207 -3664883.619909 4939968.238320 50137.665354
-1641891.305102 -3664884.372573 4939968.112434 50092.330518
-1641891.161937 -3664883.513844 4939967.193148 50048.377080
-1641891.453296 -3664883.480811 4939967.348732 50003.133661
-1641891.178676 -3664882.494077 4939967.839616 49957.923622
-1641891.655338 -3664883.911523 4939968.138256 49911.572862
-1641891.369300 -3664883.613124 4939968.502644 49865.684972
-1641892.303872 -3664884.578911 4939969.091802 49819.191979
-1641892.258232 -3664884.102989 4939969.082093 49773.625833
-1641892.346453 -3664884.782425 4939969.481764 49727.299246
-1641891.854135 -3664885.061593 4939968.827557 49681.241752
-1641891.512739 -3664885.035926 4939968.663291 49635.642760
-1641891.485193 -3664885.246027 4939969.071247 49589.082237
-1641892.460916 -3664885.605663 4939968.542258 49542.682778
-1641891.889264 -3664885.290012 4939968.610428 49496.545558
-1641892.300789 -3664884.144893 4939968.148299 49450.780145
-1641892.653610 -3664884.995193 4939968.783223 49403.267166
-1641891.994085 -3664883.697736 4939968.293552 49357.436110
-1641891.898753 -3664884.874175 4939968.262682 49309.935937
-1641891.915307 -3664883.993177 4939968.519258 49263.249215
-1641893.185878 -3664884.209087 4939968.915502 49215.761158
-1641891.963727 -3664883.315588 4939967.962708 49169.625788
-1641891.382167 -3664883.000989 4939968.408660 49122.398883
-1641891.464789 -3664882.536560 4939966.779386 49076.187511
-1641891.642600 -3664882.331526 4939966.860134 49029.107406
-1641891.727403 -3664881.998454 4939967.927393 48980.860937
-1641891.498134 -3664882.516436 4939967.413429 48933.162419
-1641890.897876 -3664882.178461 4939967.733523 48885.560037
-1641891.725342 -3664883.363018 4939968.115083 48836.635602
-1641891.200963 -3664882.552630 4939967.481137 48789.395704
-1641891.676797 -3664882.115861 4939967.148635 48742.007834
-1641891.035748 -3664881.699720 4939967.295032 48693.827024
-1641891.585866 -3664882.882053 4939967.405691 48644.925249
-1641891.770567 -3664883.821770 4939967.042765 48596.317918
-1641891.852452 -3664883.433149 4939967.026291 48547.898275
-1641891.566602 -3664884.117563 4939967.775217 48498.451178
-1641891.351428 -3664883.340019 4939967.541752 48450.227814
-1641891.403085 -3664883.447052 4939968.144725 48401.073916
-1641891.354092 -3664882.858705 4939967.233728 48353.071289
-1641891.811509 -3664883.461350 4939968.171950 48303.321989
-1641892.372601 -3664885.648915 4939969.101968 48252.157747
-1641892.128829 -3664885.026691 4939968.855360 48203.670377
-1641891.602425 -3664883.647740 4939967.859050 48155.451340
-1641892.086556 -3664884.598603 4939968.428789 48105.089403
-1641892.152051 -3664883.673736 4939968.337759 48056.004077
-1641891.386438 -3664884.076870 4939968.429008 48006.161198
-1641891.916391 -3664883.641534 4939967.821986 47957.221053
-1641891.482268 -3664883.685547 4939968.220167 47907.311964
-1641891.380079 -3664883.157849 4939967.137457 47858.062999
-1641891.735236 -3664884.094725 4939967.501108 47807.178632
-1641892.464665 -3664884.181296 4939969.067414 47756.053583
-1641891.576518 -3664883.691008 4939968.088675 47706.607339
-1641891.003180 -3664882.687091 4939967.801301 47656.673632
-1641891.873694 -3664883.431027 4939969.003267 47605.038102
-1641891.295128 -3664884.452614 4939968.753029 47553.684136
-1641891.977098 -3664883.419028 4939967.720263 47503.946302
-1641891.973285 -3664883.328802 4939968.892299 47452.387088
-1641891.522919 -3664883.630041 4939968.609281 47401.148287
-1641891.908644 -3664882.867882 4939968.068332 47350.872587
-1641891.828244 -3664883.376513 4939968.841925 47298.791406
-1641891.881822 -3664882.904607 4939967.710657 47247.976020
-1641892.316321 -3664882.528311 4939968.668991 47196.309497
-1641892.175102 -3664882.711134 4939968.207765 47144.801165
-1641892.231364 -3664882.571720 4939968.237496 47093.157423
-1641891.891559 -3664881.905583 4939967.262841 47042.313793
-1641892.330726 -3664882.083151 4939967.789548 46989.797651
-1641892.353242 -3664882.042113 4939967.402258 46937.543464
-1641892.154392 -3664883.074505 4939968.743944 46884.491121
-1641893.027464 -3664883.046359 4939968.548091 46831.635896
-1641891.655466 -3664881.639521 4939968.102355 46780.707235
-1641891.696467 -3664882.209177 4939968.491653 46727.785689
-1641891.257723 -3664882.038871 4939968.021836 46675.279112
-1641891.764838 -3664882.156327 4939967.876873 46622.764077
-1641891.050931 -3664881.599319 4939966.980030 46571.103427
-1641890.585597 -3664880.881330 4939966.558182 46518.751855
-1641891.844518 -3664883.278633 4939967.746785 46463.771729
-1641890.673493 -3664882.012930 4939966.949487 46411.657013
-1641891.302367 -3664882.515758 4939966.971360 46358.321432
-1641890.389552 -3664882.423322 4939967.518069 46305.172479
-1641890.608051 -3664882.506599 4939967.097849 46252.116147
-1641891.234983 -3664883.027379 4939967.066509 46198.402181
-1641890.960279 -3664882.036005 4939967.327497 46145.285063
-1641890.728268 -3664882.014649 4939967.611873 46091.768161
-1641891.237528 -3664882.906142 4939968.069643 46037.260412
-1641891.240719 -3664882.474465 4939967.302870 45984.026638
-1641891.643665 -3664882.905461 4939967.812374 45929.570738
-1641891.484632 -3664883.246705 4939968.027372 45875.477088
-1641891.331577 -3664882.875131 4939968.066373 45821.390654
-1641891.246424 -3664882.451273 4939968.560608 45767.365322
-1641892.085319 -3664882.920171 4939968.463831 45713.081280
-1641891.668322 -3664883.255311 4939969.019715 45658.566552
-1641891.140788 -3664882.529757 4939968.715664 45604.448330
-1641891.994340 -3664883.448126 4939969.133277 45549.176017
-1641891.812397 -3664883.860070 4939969.346213 45494.476953
-1641892.190691 -3664883.016552 4939968.277522 45440.436321
-1641891.474594 -3664882.724331 4939967.912779 45386.535043
-1641891.279897 -3664882.081625 4939967.242290 45332.642585
-1641891.710843 -3664883.319281 4939968.712028 45276.254420
-1641891.056657 -3664882.995495 4939968.503776 45221.755455
-1641891.557119 -3664883.770725 4939968.736368 45166.360705
-1641891.709386 -3664884.264000 4939969.231056 45110.643862
-1641891.136119 -3664882.296288 4939967.729258 45057.976787
-1641891.495115 -3664883.337269 4939968.868828 45001.876607
-1641892.325743 -3664883.301952 4939969.350646 44946.038972
-1641892.292511 -3664883.970982 4939969.111698 44890.777925
-1641892.234574 -3664884.345540 4939969.094602 44835.576784
-1641892.360608 -3664884.254450 4939968.751169 44780.217010
-1641891.692212 -3664882.783143 4939967.689733 44726.417966
-1641892.455540 -3664885.156496 4939968.670934 44668.970947
-1641891.605311 -3664884.179814 4939968.666014 44613.856851
-1641892.324493 -3664883.884161 4939968.560561 44558.724827
-1641892.086160 -3664883.091003 4939968.679377 44503.551135
-1641892.217436 -3664884.100725 4939968.203918 44447.864827
-1641892.099166 -3664884.069386 4939968.396426 44391.998422
-1641891.734212 -3664883.234955 4939968.040043 44337.103802
-1641891.883063 -3664884.032177 4939968.493609 44280.467325
-1641891.835682 -3664883.137863 4939968.037481 44225.425912
-1641891.785131 -3664883.424353 4939968.780786 44168.694811
-1641891.161316 -3664883.358902 4939967.540376 44113.937862
-1641892.150918 -3664883.306211 4939968.172254 44057.562176
-1641892.350021 -3664883.395070 4939968.520366 44001.613860
-1641891.705734 -3664882.836312 4939968.256579 43945.790564
-1641892.304511 -3664883.893594 4939968.785749 43888.800388
-1641891.537085 -3664883.195573 4939968.667697 43833.135991
-1641891.477899 -3664883.763303 4939968.124076 43776.825176
-1641891.800516 -3664884.021942 4939968.960717 43720.058626
-1641891.824830 -3664883.892350 4939968.737490 43663.894338
-1641892.199900 -3664885.810938 4939969.857384 43605.919179
-1641891.467243 -3664885.107814 4939969.371208 43550.167859
-1641891.182175 -3664884.308327 4939968.352041 43494.815294
-1641892.017299 -3664884.306094 4939969.249245 43437.828678
-1641892.744201 -3664884.223506 4939970.038424 43380.747471
-1641892.733280 -3664884.325831 4939969.316011 43324.550751
-1641892.393082 -3664883.795853 4939968.923382 43268.523576
-1641892.529470 -3664884.172610 4939969.320538 43211.239889
-1641891.240518 -3664882.028884 4939968.139769 43156.684009
-1641891.350738 -3664883.397595 4939968.951077 43098.419387
-1641892.205726 -3664884.514425 4939969.685377 43040.632731
-1641892.126041 -3664884.109085 4939969.111413 42984.444735
-1641891.613875 -3664884.079695 4939969.184256 42927.476540
-1641891.548339 -3664883.627730 4939969.078333 42870.673892
-1641891.509813 -3664884.347979 4939969.384037 42813.276383
-1641891.479147 -3664884.832906 4939969.415091 42756.048558
-1641892.143994 -3664885.092948 4939969.038981 42698.914765
-1641891.693523 -3664884.950178 4939968.516131 42641.906580
-1641891.532427 -3664884.720414 4939968.891141 42584.799024
-1641892.226008 -3664885.271187 4939969.603082 42526.653339
-1641891.627346 -3664884.676019 4939968.694870 42470.258801
-1641892.080487 -3664885.147258 4939968.747986 42412.501093
-1641891.778359 -3664885.169341 4939968.905700 42354.920065
-1641891.078260 -3664883.901869 4939968.201060 42298.746148
-1641891.568703 -3664884.240523 4939968.110966 42241.027125
-1641891.941614 -3664883.964847 4939967.879539 42183.745824
-1641892.649520 -3664885.032326 4939968.782041 42125.017195
-1641891.472678 -3664883.862672 4939967.956299 42068.654747
-1641891.996092 -3664883.981784 4939968.452940 42010.578254
-1641891.432119 -3664884.072348 4939968.073920 41952.841123
-1641891.737246 -3664883.258180 4939968.977558 41894.841173
-1641892.146227 -3664883.696618 4939968.461590 41837.312273
-1641891.465865 -3664882.422907 4939967.380583 41780.898330
-1641892.125070 -3664883.465712 4939968.540544 41721.250383
-1641892.396799 -3664884.744462 4939969.192493 41662.316226
-1641891.880182 -3664883.566121 4939969.016303 41605.127880
-1641891.573285 -3664883.090660 4939968.007732 41547.874827
-1641891.636164 -3664884.081165 4939969.157129 41488.523235
-1641891.752718 -3664884.114380 4939969.158294 41430.213254
-1641892.148876 -3664883.521620 4939968.276156 41373.145055
-1641892.053734 -3664883.564683 4939968.619209 41314.312979
-1641892.070350 -3664883.468863 4939968.415430 41256.300676
-1641892.326214 -3664883.571786 4939969.077270 41197.537165
-1641891.958221 -3664883.970247 4939969.045684 41139.072614
-1641891.663827 -3664883.161652 4939968.067466 41081.633312
-1641891.573653 -3664883.104371 4939968.168788 41023.429348
-1641892.118714 -3664883.434732 4939969.451497 40964.015115
-1641891.544761 -3664884.071815 4939968.699580 40905.693189
-1641891.892387 -3664884.665025 4939968.767356 40846.620958
-1641891.344282 -3664883.747965 4939967.926942 40789.588936
-1641891.509763 -3664882.639260 4939967.697481 40731.798312
-1641891.329973 -3664883.614086 4939967.350234 40673.005636
-1641890.910890 -3664883.569724 4939967.205512 40614.725127
-1641890.883330 -3664882.754647 4939966.210683 40556.987163
-1641890.597469 -3664884.081284 4939967.041487 40497.483460
-1641891.054206 -3664882.833528 4939966.600706 40439.837001
-1641890.556270 -3664882.626633 4939966.654255 40381.462621
-1641891.128369 -3664883.657559 4939967.840828 40321.483419
-1641891.083692 -3664882.690220 4939967.421314 40263.966260
-1641891.019722 -3664883.947366 4939967.942312 40204.799779
-1641890.072827 -3664882.248699 4939967.038156 40147.955797
-1641890.715802 -3664883.788887 4939968.444790 40087.656984
-1641890.750506 -3664882.870106 4939967.638459 40030.285110
-1641890.274504 -3664882.938426 4939967.522034 39971.930392
-1641890.629368 -3664882.501166 4939967.586481 39913.516532
-1641891.000764 -3664883.270182 4939968.556205 39854.313631
-1641890.365542 -3664882.745984 4939967.876710 39797.033563
-1641890.972162 -3664884.128376 4939968.648602 39737.725080
-1641890.380056 -3664884.112644 4939968.060847 39679.547363
-1641890.446292 -3664882.405521 4939967.177384 39623.031484
-1641890.068433 -3664882.303135 4939967.135299 39565.032136
-1641890.508848 -3664884.382558 4939968.447751 39505.381453
-1641890.881905 -3664884.076443 4939968.251623 39447.718866
-1641890.196582 -3664882.666878 4939967.578917 39391.342562
-1641890.459515 -3664882.384716 4939967.533067 39333.728186
-1641891.036528 -3664883.185671 4939968.001676 39275.442028
-1641891.355188 -3664882.926207 4939968.291123 39217.931011
-1641891.101206 -3664883.674986 4939968.203609 39160.328084
-1641891.601421 -3664883.856808 4939968.868838 39102.192501
-1641890.963325 -3664883.147594 4939968.621927 39045.396636
-1641892.067208 -3664882.855173 4939968.193988 38988.062301
-1641891.304714 -3664883.072117 4939968.052522 38930.743623
-1641891.131451 -3664882.185510 4939967.994502 38874.004181
-1641891.835918 -3664883.590773 4939968.422412 38815.825494
-1641891.539915 -3664883.729367 4939968.844641 38758.516991
-1641891.761277 -3664882.598155 4939967.781252 38702.678829
-1641892.198167 -3664883.730752 4939968.142393 38644.941557
-1641892.216540 -3664883.313402 4939968.371353 38588.091322
-1641891.581997 -3664882.813347 4939968.433589 38531.495860
-1641892.113253 -3664884.166523 4939968.031284 38473.814142
-1641892.224061 -3664883.068058 4939968.574821 38417.420980
-1641891.599523 -3664883.045541 4939967.708733 38361.306646
-1641892.138306 -3664883.192007 4939968.388414 38303.908573
-1641891.104908 -3664881.623358 4939967.304615 38249.045890
-1641891.313418 -3664882.876222 4939967.723928 38191.382598
-1641891.384076 -3664881.599065 4939966.608291 38136.091763
-1641891.185536 -3664881.950070 4939966.608806 38079.551826
-1641891.103809 -3664881.783110 4939966.669492 38023.485196
-1641891.534362 -3664882.712246 4939967.171477 37966.174299
-1641891.351029 -3664882.831273 4939967.165812 37909.730356
-1641890.750478 -3664883.310367 4939967.865615 37853.272425
-1641890.428683 -3664881.302202 4939966.925252 37798.789986
-1641890.613647 -3664881.922583 4939967.729218 37741.668200
-1641890.238637 -3664882.721590 4939968.074441 37685.393516
-1641890.850010 -3664883.839668 4939968.717112 37628.784487
-1641890.618556 -3664883.515375 4939968.195486 37573.262144
-1641890.849673 -3664884.696150 4939969.261539 37516.195830
-1641891.126177 -3664884.056495 4939968.582771 37461.399462
-1641890.457246 -3664883.983343 4939969.303768 37405.642473
-1641890.451958 -3664883.230860 4939968.645615 37350.770469
-1641890.919027 -3664883.991805 4939968.201414 37295.028423
-1641890.840298 -3664883.477720 4939968.436417 37240.322984
-1641890.218540 -3664883.393385 4939968.043748 37185.291204
-1641890.367765 -3664882.492682 4939967.629601 37130.809969
-1641890.907944 -3664882.440189 4939968.114350 37075.466351
-1641890.967146 -3664881.899362 4939967.779437 37021.185159
-1641891.219766 -3664882.711321 4939967.786902 36965.718450
-1641891.025787 -3664882.146009 4939967.289513 36911.362621
-1641891.037504 -3664881.729838 4939967.618817 36856.803634
-1641891.194248 -3664881.906820 4939967.720945 36801.700089
-1641891.588382 -3664882.973376 4939967.069190 36746.862702
-1641891.357223 -3664883.335401 4939968.006637 36691.701767
-1641891.327318 -3664882.858467 4939967.494676 36637.652677
-1641891.692009 -3664883.917027 4939968.351510 36582.112708
-1641891.348439 -3664883.224019 4939968.138055 36528.432357
-1641892.270226 -3664884.279407 4939968.830249 36472.889841
-1641892.108091 -3664883.997836 4939968.497242 36419.290729
-1641892.783575 -3664884.806734 4939968.722343 36364.395546
-1641891.616103 -3664885.859135 4939969.111793 36309.374184
-1641890.657750 -3664881.385894 4939966.815583 36259.227066
-1641891.581362 -3664884.071863 4939967.592925 36203.298319
-1641891.235476 -3664883.777642 4939967.846012 36149.501842
-1641891.433253 -3664884.401836 4939968.462799 36095.200295
-1641891.655716 -3664884.827210 4939968.715792 36040.834546
-1641891.610567 -3664884.280801 4939969.237314 35987.444711
-1641892.251295 -3664885.326442 4939969.218070 35933.127863
-1641891.934901 -3664883.382511 4939968.667991 35881.218146
-1641891.483244 -3664882.465863 4939968.090711 35828.716034
-1641891.454805 -3664882.821620 4939967.942858 35775.403152
-1641891.726488 -3664883.785824 4939969.232024 35720.901362
-1641891.611990 -3664882.554107 4939968.561765 35668.896568
-1641892.128741 -3664883.171839 4939968.568417 35615.661682
-1641891.382381 -3664883.769954 4939968.533827 35562.584798
-1641892.399554 -3664884.344564 4939969.139966 35509.074510
-1641891.181897 -3664882.330216 4939968.157052 35458.450861
-1641892.626745 -3664883.422371 4939968.582066 35405.037675
-1641892.009242 -3664882.577203 4939968.733720 35352.909036
-1641892.162469 -3664883.311317 4939968.284652 35300.604182
-1641891.746242 -3664882.670587 4939968.530622 35248.527217
-1641891.304683 -3664883.318912 4939968.260030 35195.904021
-1641891.504812 -3664883.142283 4939967.856649 35144.216840
-1641891.519145 -3664882.867957 4939967.923381 35092.482056
-1641891.609061 -3664883.614498 4939968.903529 35039.374045
-1641891.169047 -3664883.436386 4939967.894095 34988.513935
-1641891.115102 -3664882.261038 4939967.395052 34937.806272
-1641891.039144 -3664883.982780 4939968.113876 34884.770130
-1641892.176968 -3664884.064880 4939968.420259 34833.014033
-1641891.988405 -3664885.359172 4939968.782024 34780.829872
-1641892.133902 -3664885.171777 4939968.798945 34729.444888
-1641891.962981 -3664884.548895 4939967.862009 34679.026214
-1641892.405710 -3664884.738361 4939968.880138 34627.074588
-1641892.924609 -3664884.518334 4939968.697955 34576.195858
-1641892.933433 -3664884.388093 4939968.662297 34525.379123
-1641892.807442 -3664883.948906 4939968.829712 34474.602100
-1641893.001922 -3664883.794818 4939968.743394 34423.448207
-1641892.641973 -3664883.022677 4939967.922284 34373.616039
-1641892.306880 -3664883.142894 4939968.920088 34322.209104
-1641892.589675 -3664882.947811 4939968.893908 34271.634884
-1641892.741024 -3664883.836572 4939968.633550 34220.274727
-1641892.442907 -3664885.469189 4939969.304519 34168.693954
-1641892.090849 -3664883.711038 4939968.766338 34119.607861
-1641892.473932 -3664884.342240 4939968.839348 34068.682665
-1641891.779384 -3664884.089749 4939968.729118 34018.754880
-1641891.817822 -3664884.139092 4939968.762044 33968.127176
-1641891.602168 -3664882.730641 4939967.869175 33919.465124
-1641892.161294 -3664883.661247 4939968.518462 33868.220027
-1641891.769753 -3664882.806882 4939968.230887 33818.508900
-1641891.358403 -3664883.309050 4939968.714740 33767.749188
-1641892.136643 -3664884.428983 4939970.063988 33716.207421
-1641892.084887 -3664883.563469 4939969.768185 33666.959359
-1641891.914288 -3664883.523314 4939970.123308 33616.628293
-1641892.132688 -3664883.733159 4939969.256442 33567.313955
-1641892.292085 -3664884.588639 4939969.647355 33516.751259
-1641892.824951 -3664884.937674 4939970.057535 33466.401427
-1641893.524153 -3664885.402505 4939970.532322 33416.171574
-1641892.084026 -3664883.520713 4939968.655691 33368.219893
-1641892.539831 -3664883.902489 4939968.978902 33318.056070
-1641892.693782 -3664883.086055 4939968.684881 33269.122328
-1641892.172628 -3664882.726679 4939969.845918 33219.142899
-1641891.877033 -3664882.830488 4939968.323256 33170.366931
-1641892.331303 -3664883.535293 4939968.903301 33120.272681
-1641892.101133 -3664882.396994 4939968.747377 33070.739633
-1641891.878190 -3664881.781838 4939967.985789 33022.619193
-1641892.552455 -3664882.837901 4939968.337764 32971.884879
-1641892.986166 -3664883.398664 4939969.167042 32921.569030
-1641892.490492 -3664883.815860 4939968.226263 32872.226461
-1641892.695958 -3664884.451526 4939969.073370 32821.990248
-1641893.026760 -3664883.217437 4939968.371529 32773.300302
-1641892.639573 -3664882.578288 4939967.962857 32724.623883
-1641892.597421 -3664882.941876 4939968.313274 32674.598002
-1641893.032554 -3664883.701069 4939968.267109 32624.555883
-1641892.199831 -3664882.365883 4939966.991150 32576.594717
-1641892.874862 -3664883.184336 4939967.997045 32526.038946
-1641892.747537 -3664883.485308 4939968.069058 32476.475863
-1641892.238498 -3664884.113334 4939969.089376 32425.993980
-1641892.587950 -3664883.442665 4939968.650411 32376.811140
-1641892.778440 -3664884.890255 4939969.584842 32325.918643
-1641892.904222 -3664884.158885 4939968.933628 32277.339598
-1641892.739243 -3664883.580927 4939968.319521 32228.614788
-1641892.198791 -3664884.233117 4939968.203709 32178.821354
-1641892.005861 -3664883.130391 4939968.016666 32130.177153
-1641892.592504 -3664885.688669 4939969.046875 32078.629195
-1641891.990010 -3664884.244100 4939968.231483 32030.452372
-1641892.075313 -3664884.305276 4939968.996962 31980.516662
-1641892.090519 -3664883.924560 4939969.368568 31931.062145
-1641891.888706 -3664883.109725 4939968.870294 31882.463579
-1641891.518447 -3664883.011487 4939967.766505 31833.957117
-1641892.234812 -3664883.522594 4939968.813188 31783.448813
-1641891.417714 -3664882.727798 4939967.405433 31735.232918
-1641892.325750 -3664882.944273 4939968.284777 31685.370598
-1641892.131868 -3664882.380821 4939967.681004 31636.601510
-1641891.867903 -3664883.602063 4939968.716838 31586.033102
-1641892.738485 -3664883.173476 4939968.770140 31536.606473
-1641892.099965 -3664882.998950 4939968.330309 31487.514327
-1641892.382139 -3664881.806420 4939967.890153 31438.868478
-1641892.421005 -3664882.712652 4939968.303102 31388.738085
-1641892.692881 -3664882.089723 4939967.654060 31339.921130
-1641892.908171 -3664883.268422 4939968.320715 31289.485317
-1641893.168892 -3664883.396469 4939967.903655 31239.966559
-1641892.964432 -3664883.949094 4939967.977391 31190.360742
-1641892.846795 -3664883.187933 4939967.764789 31141.299319
-1641892.854914 -3664883.048893 4939967.746221 31091.547029
-1641893.640837 -3664883.050634 4939968.263994 31041.625672
-1641892.309704 -3664884.208941 4939968.655259 30991.485723
-1641892.809453 -3664882.485013 4939968.351302 30942.781742
-1641891.919858 -3664881.702420 4939967.231726 30894.293837
-1641892.435747 -3664882.806741 4939967.144163 30843.490812
-1641892.274725 -3664881.919492 4939966.880535 30794.743248
-1641891.475659 -3664881.584475 4939967.591083 30744.791503
-1641891.695133 -3664882.472610 4939967.593996 30694.860538
-1641892.198710 -3664882.331969 4939968.362148 30644.737276
-1641891.495114 -3664882.211464 4939968.409777 30595.058209
-1641891.982697 -3664881.610980 4939968.179971 30545.610362
-1641892.646854 -3664882.816080 4939968.793985 30494.860417
-1641891.765333 -3664883.187917 4939968.708992 30445.153852
-1641892.483822 -3664882.621312 4939968.871784 30395.649706
-1641891.739118 -3664882.024613 4939967.763305 30347.107434
-1641892.151326 -3664881.356297 4939967.201481 30298.094782
-1641892.106910 -3664880.914714 4939967.510100 30248.567307
-1641892.436686 -3664882.689306 4939968.126817 30197.452593
-1641892.182909 -3664882.444328 4939967.551122 30148.585404
-1641892.475143 -3664882.604269 4939967.947395 30098.271922
-1641892.833737 -3664883.171499 4939968.525784 30047.834062
-1641892.379259 -3664882.933654 4939968.354567 29998.682043
-1641893.123295 -3664882.514788 4939968.214052 29949.234320
-1641893.076295 -3664882.479043 4939968.183730 29899.538070
-1641893.061954 -3664883.530577 4939968.597937 29849.328090
-1641892.608554 -3664883.722609 4939968.846734 29798.802732
-1641893.105654 -3664881.972667 4939967.548550 29750.993599
-1641892.778214 -3664882.903472 4939967.524052 29700.743400
-1641892.529345 -3664882.398507 4939967.786557 29651.224464
-1641893.054298 -3664881.233393 4939967.000539 29602.321956
-1641892.495528 -3664882.214993 4939967.775397 29551.765735
-1641892.949524 -3664882.757631 4939968.138837 29501.300647
-1641892.409460 -3664881.567398 4939967.366242 29452.331233
-1641892.286054 -3664881.188288 4939966.739583 29403.555833
-1641892.880473 -3664881.732046 4939967.103449 29352.882476
-1641891.841959 -3664881.083788 4939966.882488 29303.450596
-1641892.206574 -3664881.519128 4939967.097534 29253.506434
-1641892.169357 -3664881.618310 4939967.357577 29203.275981
-1641892.604396 -3664882.090899 4939966.751583 29153.089606
-1641892.273038 -3664881.908815 4939966.912796 29103.101453
-1641892.781648 -3664883.563290 4939967.660651 29051.189456
-1641892.204897 -3664883.899420 4939967.094972 29001.278654
-1641892.320441 -3664883.337511 4939967.782997 28950.999536
-1641892.557408 -3664882.477380 4939967.881461 28901.289038
-1641892.414355 -3664881.883982 4939967.825845 28851.200369
-1641892.097839 -3664881.449455 4939967.779955 28801.028510
-1641892.539127 -3664882.070678 4939967.978001 28749.978184
-1641891.765567 -3664882.612188 4939968.185887 28699.221136
-1641891.688863 -3664883.177108 4939967.971898 28648.390979
-1641892.329038 -3664883.615671 4939968.294545 28597.186690
-1641892.068796 -3664881.708517 4939967.704173 28547.797293
-1641891.775386 -3664881.797833 4939966.999263 28497.524968
-1641891.167989 -3664882.325695 4939967.523077 28445.999775
-1641892.168345 -3664883.069077 4939967.851994 28394.502959
-1641891.860876 -3664883.133862 4939968.161246 28343.491630
-1641891.533917 -3664883.768143 4939968.471769 28292.077114
-1641891.737451 -3664884.341538 4939968.462975 28240.914724
-1641891.231108 -3664884.131668 4939967.937313 28190.375815
-1641891.670991 -3664884.230799 4939967.589162 28139.043293
-1641891.621824 -3664882.712067 4939967.066909 28088.880202
-1641892.027458 -3664883.537029 4939967.382764 28037.163709
-1641892.476593 -3664883.232209 4939967.982985 27985.758392
-1641892.474718 -3664881.365914 4939966.705833 27935.924071
-1641892.290067 -3664883.344026 4939967.905062 27882.849377
-1641892.237796 -3664884.046432 4939968.691244 27830.505870
-1641892.125073 -3664882.746049 4939967.976528 27780.176922
-1641891.757184 -3664881.778864 4939967.554574 27729.211870
-1641892.314030 -3664883.209587 4939967.829300 27676.819986
-1641892.007226 -3664882.664058 4939966.934010 27625.911966
-1641892.731557 -3664882.968113 4939966.777289 27574.044149
-1641892.498736 -3664882.330185 4939966.831975 27522.675741
-1641892.762188 -3664884.066623 4939968.199262 27468.862318
-1641891.495775 -3664882.180652 4939967.275629 27418.524835
-1641893.488108 -3664884.896831 4939968.343940 27364.888692
-1641892.559113 -3664883.687404 4939967.990186 27313.625094
-1641892.137273 -3664884.783984 4939967.542024 27261.209748
-1641892.260333 -3664885.482904 4939968.350864 27208.451733
-1641892.122778 -3664884.678932 4939967.951873 27157.094896
-1641891.843718 -3664883.622134 4939967.625602 27105.967903
-1641891.798191 -3664884.061611 4939968.405339 27053.264647
-1641892.076058 -3664882.825378 4939967.464452 27002.392520
-1641891.345392 -3664884.715450 4939967.876118 26948.950847
-1641891.397740 -3664884.066286 4939968.086567 26896.800956
-1641891.587764 -3664884.584339 4939968.466724 26844.244367
-1641891.669977 -3664883.475338 4939968.087093 26792.612387
-1641891.922736 -3664884.879787 4939969.384765 26738.800641
-1641891.846685 -3664884.092805 4939967.757686 26687.893665
-1641891.516733 -3664884.749773 4939967.970355 26635.009656
-1641891.797936 -3664883.274744 4939968.128584 26583.038659
-1641891.784265 -3664884.698242 4939967.849744 26530.183149
-1641891.622598 -3664884.057801 4939967.829068 26477.593655
-1641891.488457 -3664882.824686 4939966.878241 26426.544161
-1641891.132703 -3664882.854396 4939967.001836 26374.057459
-1641891.333503 -3664883.096940 4939966.543414 26321.342910
-1641891.752605 -3664883.519581 4939967.056172 26268.268279
-1641891.827473 -3664883.174742 4939966.857913 26215.657547
-1641892.249292 -3664883.752182 4939968.659336 26161.479223
-1641892.020524 -3664883.323767 4939968.504369 26108.894414
-1641891.859921 -3664883.598735 4939968.311705 26055.648201
-1641892.086529 -3664884.003099 4939968.646219 26002.098740
-1641892.174552 -3664883.328951 4939968.451684 25949.473021
-1641892.071648 -3664885.231889 4939968.212191 25895.802477
-1641892.159826 -3664883.189498 4939967.397745 25844.187217
-1641891.369746 -3664883.241128 4939967.162164 25791.123855
-1641892.150558 -3664884.787022 4939967.300306 25737.073206
-1641892.250514 -3664883.672519 4939966.782442 25684.633063
-1641891.291965 -3664884.547755 4939967.240597 25630.671384
-1641891.320283 -3664883.666471 4939968.025775 25577.293172
-1641891.782880 -3664885.494021 4939967.448329 25523.200485
-1641891.334196 -3664886.189568 4939969.025267 25468.287917
-1641891.804837 -3664885.741535 4939967.579284 25415.981951
-1641891.962820 -3664887.577885 4939969.056374 25360.623069
-1641891.736335 -3664885.778881 4939968.340888 25308.272225
-1641892.593038 -3664886.798922 4939968.943211 25253.771166
-1641892.308255 -3664886.008093 4939968.954051 25200.316334
-1641893.326406 -3664885.025267 4939968.888735 25146.887592
-1641892.073374 -3664884.740293 4939967.968304 25093.592544
-1641893.119089 -3664885.252458 4939969.222314 25038.546616
-1641892.641559 -3664885.494021 4939968.741006 24984.675259
-1641892.444067 -3664885.267677 4939968.627545 24930.623234
-1641892.281106 -3664885.518843 4939969.115414 24876.317515
-1641893.016446 -3664885.596821 4939968.330917 24822.357872
-1641893.460689 -3664885.495784 4939969.573119 24767.407287
-1641893.224175 -3664886.629573 4939969.943007 24712.178672
-1641892.941553 -3664885.210388 4939968.393069 24659.641929
-1641891.896456 -3664885.258726 4939968.668867 24605.190736
-1641891.770724 -3664885.079356 4939968.932098 24550.445529
-1641892.293910 -3664885.104391 4939968.106473 24496.003201
-1641891.881347 -3664885.078755 4939968.296907 24441.313078
-1641891.674217 -3664884.358847 4939968.151071 24387.057947
-1641891.912078 -3664884.595854 4939967.798772 24332.186043
-1641892.269406 -3664883.914935 4939967.205292 24277.861722
-1641891.822807 -3664884.272154 4939967.435982 24222.828461
-1641892.647238 -3664886.064093 4939967.328347 24166.830591
-1641892.568272 -3664884.176952 4939967.802496 24112.148577
-1641892.585816 -3664885.181109 4939967.846604 24056.454039
-1641893.168687 -3664886.154719 4939968.555396 24000.364245
-1641892.019679 -3664884.941646 4939968.886710 23945.109226
-1641892.425930 -3664884.777323 4939968.547268 23890.110599
-1641892.707783 -3664886.005603 4939968.387925 23833.967676
-1641891.993966 -3664884.014950 4939966.932574 23780.641873
-1641892.796593 -3664884.454900 4939968.137208 23724.147070
-1641892.846143 -3664884.463297 4939967.983849 23668.780084
-1641892.707896 -3664885.159989 4939968.057705 23612.420817
-1641891.976320 -3664885.031162 4939967.022721 23557.238704
-1641892.234809 -3664883.315720 4939968.136240 23501.254008
-1641891.133178 -3664883.490744 4939967.170893 23446.178936
-1641892.542725 -3664884.221608 4939967.674877 23389.315033
-1641892.596751 -3664883.891899 4939968.051334 23333.440888
-1641892.908279 -3664884.286845 4939969.072077 23276.729187
-1641892.418751 -3664884.010207 4939968.120852 23221.222960
-1641891.947423 -3664883.362991 4939966.740958 23166.222187
-1641892.160912 -3664883.322856 4939966.067700 23110.775267
-1641892.550801 -3664885.299384 4939968.216557 23051.705167
-1641892.650976 -3664886.093583 4939968.373891 22995.088270
-1641892.944451 -3664885.465448 4939969.233282 22938.356539
-1641893.111729 -3664886.357283 4939969.972887 22881.125369
-1641892.994373 -3664886.504139 4939969.244301 22824.808478
-1641892.739349 -3664884.895254 4939968.214926 22769.855092
-1641893.641545 -3664887.768041 4939970.456269 22710.605600
-1641893.352728 -3664886.225587 4939969.571031 22655.470479
-1641892.735686 -3664885.613643 4939968.606020 22599.533086
-1641892.435141 -3664885.149307 4939968.916407 22543.391860
-1641892.868003 -3664884.931058 4939969.120459 22486.391147
-1641892.734045 -3664884.745912 4939969.782977 22429.522016
-1641893.122387 -3664885.556623 4939970.211495 22371.890912
-1641892.593032 -3664885.734258 4939969.990355 22315.208594
-1641892.379340 -3664884.749091 4939968.766243 22259.461029
-1641892.447284 -3664884.642752 4939968.938004 22202.425785
-1641892.765893 -3664885.128229 4939968.967137 22145.620218
-1641892.222033 -3664884.553260 4939968.628119 22088.551521
-1641892.654196 -3664883.615203 4939967.789407 22032.423007
-1641892.385715 -3664883.658670 4939968.023384 21975.196939
-1641892.257500 -3664883.156786 4939966.441084 21918.921737
-1641892.253690 -3664882.926984 4939967.101019 21861.582609
-1641891.993446 -3664883.541644 4939967.139076 21803.953996
-1641892.243303 -3664883.996278 4939967.661475 21745.841727
-1641892.617299 -3664883.606658 4939967.530449 21688.232228
-1641892.648122 -3664884.341050 4939967.459366 21630.290298
-1641892.437667 -3664883.953563 4939967.338387 21573.138997
-1641892.044584 -3664883.197139 4939967.283857 21515.626246
-1641891.991588 -3664883.926013 4939967.297878 21457.244764
-1641892.475412 -3664883.095786 4939967.059830 21399.954362
-1641891.653060 -3664883.397247 4939967.148520 21341.638382
-1641892.452190 -3664884.102144 4939968.154989 21282.647280
-1641892.088571 -3664883.584431 4939968.193898 21224.643621
-1641892.619683 -3664884.436079 4939968.911458 21165.548922
-1641892.224080 -3664884.138028 4939968.461895 21107.776746
-1641892.347694 -3664884.761061 4939968.469150 21049.136089
-1641892.990384 -3664885.739247 4939968.877763 20990.017782
-1641892.305017 -3664884.611436 4939968.356099 20932.609365
-1641892.376438 -3664883.965891 4939967.809954 20874.739890
-1641892.376954 -3664884.749885 4939969.092531 20815.140010
-1641892.391213 -3664884.173627 4939968.127256 20757.349344
-1641891.859763 -3664883.587494 4939968.413654 20698.938704
-1641892.509978 -3664882.710013 4939968.370856 20640.918399
-1641891.786678 -3664882.323322 4939966.338318 20583.423174
-1641892.125232 -3664883.930100 4939968.105958 20522.721293
-1641891.379315 -3664882.465791 4939967.440911 20465.318814
-1641892.018967 -3664883.878791 4939968.036701 20405.254057
-1641891.487338 -3664884.526838 4939968.166160 20345.874755
-1641891.687803 -3664883.407651 4939968.289989 20287.382703
-1641891.937082 -3664883.948148 4939968.281986 20228.037402
-1641891.780347 -3664882.936209 4939967.245399 20170.234996
-1641892.312695 -3664883.925237 4939969.031500 20109.391799
-1641891.709566 -3664882.232242 4939967.130972 20052.251734
-1641892.474429 -3664883.906160 4939968.598812 19991.102790
-1641892.175193 -3664884.190065 4939968.322212 19931.875555
-1641892.436660 -3664884.714757 4939968.727602 19871.994602
-1641892.777567 -3664885.423196 4939968.947249 19811.754030
-1641893.320103 -3664885.139006 4939969.130081 19752.085894
-1641892.819946 -3664885.095524 4939968.563840 19692.936818
-1641893.007837 -3664885.077488 4939967.722886 19633.786832
-1641892.665449 -3664883.932924 4939967.623707 19574.709367
-1641892.268503 -3664885.150356 4939968.440487 19513.911352
-1641892.983728 -3664885.709788 4939969.162737 19453.110590
-1641893.068495 -3664883.613804 4939968.846511 19394.595813
-1641892.966768 -3664884.168369 4939968.847254 19334.268538
-1641893.101615 -3664883.466634 4939968.552736 19274.594166
-1641891.801527 -3664882.361461 4939967.530055 19215.957341
-1641892.516042 -3664881.567061 4939967.298982 19156.189972
-1641892.044697 -3664882.159700 4939966.681754 19095.982593
-1641892.605495 -3664882.316627 4939967.212729 19035.654748
-1641891.938660 -3664881.347763 4939967.438728 18975.701888
-1641891.877031 -3664882.937444 4939968.620852 18913.861394
-1641892.084027 -3664882.744571 4939968.931705 18853.256843
-1641892.486972 -3664882.919974 4939969.931671 18791.651874
-1641892.556738 -3664883.251947 4939969.959844 18731.068385
-1641892.218125 -3664883.518262 4939970.002121 18669.930710
-1641892.076410 -3664882.786013 4939969.184493 18610.069069
-1641892.286531 -3664883.195621 4939968.692353 18549.433094
-1641892.655032 -3664884.339250 4939970.766681 18486.747785
-1641891.662750 -3664883.888202 4939968.918811 18426.960282
-1641891.855683 -3664883.874467 4939969.032132 18365.685696
-1641892.746610 -3664883.742573 4939969.441354 18304.021951
-1641892.116968 -3664881.706752 4939967.483740 18245.500448
-1641892.228506 -3664883.867486 4939969.273079 18181.517029
-1641892.367932 -3664883.268419 4939968.620040 18120.703119
-1641892.198546 -3664882.833405 4939968.936279 18059.316534
-1641891.838832 -3664883.405304 4939968.252727 17997.926219
-1641891.715917 -3664883.503619 4939967.491206 17936.632274
-1641891.726997 -3664882.950544 4939967.553638 17875.017934
-1641891.628759 -3664883.425918 4939968.268526 17812.398171
-1641892.273641 -3664882.685923 4939967.960171 17751.067287
-1641892.325556 -3664883.533469 4939967.878333 17688.579156
-1641892.440576 -3664883.790394 4939968.638639 17625.815813
-1641891.756518 -3664881.877693 4939966.506963 17565.959990
-1641891.570955 -3664882.339247 4939967.366665 17502.931961
-1641892.026598 -3664882.462098 4939967.495278 17440.505567
-1641891.814333 -3664883.457668 4939967.612839 17377.480382
-1641891.693507 -3664882.458230 4939967.270302 17315.576570
-1641891.827766 -3664882.409526 4939967.133269 17253.289049
-1641891.448086 -3664882.447796 4939967.191686 17190.738653
-1641892.059879 -3664883.643419 4939966.834743 17127.538831
-1641892.732245 -3664884.026776 4939968.804164 17063.094795
-1641891.957871 -3664883.026768 4939969.146813 17000.688852
-1641891.947982 -3664884.543392 4939968.171617 16937.606297
-1641892.459586 -3664884.591877 4939968.718578 16874.349992
-1641892.215204 -3664884.576898 4939969.437223 16810.974503
-1641892.073135 -3664884.293753 4939969.477916 16748.124179
-1641892.194676 -3664884.423059 4939969.209196 16684.898461
-1641892.483779 -3664884.261052 4939968.660614 16622.268496
-1641891.706241 -3664883.242779 4939967.747745 16560.041424
-1641891.919229 -3664883.511443 4939968.241745 16496.536921
-1641891.283554 -3664882.016079 4939968.178184 16433.825473
-1641891.874108 -3664883.015731 4939969.058968 16369.292043
-1641891.626900 -3664882.587320 4939967.830816 16307.010175
-1641892.290616 -3664882.872171 4939968.812116 16242.517036
-1641891.355608 -3664883.491774 4939968.002337 16179.138343
-1641891.816884 -3664883.474183 4939967.885341 16115.853662
-1641892.279401 -3664881.876199 4939967.494618 16052.736895
-1641891.905749 -3664882.463783 4939967.254014 15989.132329
-1641892.155013 -3664883.343799 4939968.682108 15923.908307
-1641892.040975 -3664882.871131 4939968.261237 15860.627635
-1641892.454591 -3664884.230193 4939968.688798 15795.579578
-1641891.874360 -3664882.959288 4939967.388969 15733.338923
-1641891.514414 -3664882.702900 4939967.592769 15669.429866
-1641891.363278 -3664884.163457 4939968.128677 15604.361388
-1641891.879999 -3664884.131503 4939967.365764 15540.855664
-1641892.195095 -3664882.494911 4939966.456801 15478.064414
-1641891.494672 -3664883.503515 4939966.739549 15413.111912
-1641892.354560 -3664883.885600 4939968.103945 15347.984297
-1641891.899039 -3664883.264705 4939967.125057 15285.051209
-1641891.479196 -3664883.438808 4939967.954727 15219.894868
-1641891.686761 -3664883.200156 4939969.023175 15155.278522
-1641891.487276 -3664882.573191 4939967.966887 15091.966717
-1641891.757218 -3664882.045853 4939967.782638 15027.807457
-1641891.731401 -3664882.371087 4939968.047236 14963.345971
-1641892.275711 -3664883.693667 4939968.956934 14897.396693
-1641891.863649 -3664881.766058 4939966.522157 14835.557851
-1641891.624296 -3664882.617215 4939967.067856 14770.244093
-1641892.143858 -3664883.259935 4939968.492485 14704.459174
-1641892.552273 -3664884.232723 4939968.469819 14639.118691
-1641891.961181 -3664884.031058 4939968.439716 14574.762830
-1641892.327433 -3664883.790170 4939968.618678 14509.818646
-1641891.603800 -3664883.791537 4939967.911538 14445.570487
-1641891.574655 -3664882.997504 4939967.913837 14380.932811
-1641891.341220 -3664883.976184 4939967.712346 14315.611264
-1641891.644826 -3664884.105926 4939968.072202 14250.353402
-1641891.856371 -3664882.997278 4939967.952356 14185.886970
-1641891.729234 -3664883.811918 4939968.052338 14120.465324
-1641892.053139 -3664883.036999 4939968.532604 14055.324967
-1641892.198556 -3664882.637358 4939967.348975 13991.230864
-1641892.683997 -3664883.154614 4939968.226285 13924.964438
-1641892.320789 -3664882.575839 4939967.728642 13860.235655
-1641891.823773 -3664882.024323 4939968.219317 13795.040133
-1641892.325367 -3664882.891876 4939968.972402 13728.438334
-1641891.919402 -3664882.547992 4939968.388816 13663.675630
-1641891.664444 -3664882.908665 4939967.824246 13598.510227
-1641891.838971 -3664882.736522 4939967.929494 13532.632768
-1641891.008282 -3664881.557438 4939966.119425 13469.543320
-1641891.484262 -3664882.870384 4939966.605644 13402.630042
-1641891.869376 -3664883.040236 4939967.148479 13336.237081
-1641891.632907 -3664883.505710 4939966.246673 13271.004948
-1641891.236129 -3664881.876611 4939966.758807 13205.700994
-1641891.288113 -3664883.321715 4939966.840465 13139.075830
-1641890.896507 -3664882.187293 4939966.310887 13074.273256
-1641890.495336 -3664882.169112 4939965.538156 13008.770791
-1641890.716373 -3664881.703629 4939966.176553 12942.846759
-1641890.761713 -3664882.219782 4939966.284417 12876.584677
-1641890.951455 -3664882.469769 4939965.873417 12810.568643
-1641890.458962 -3664882.779416 4939967.380674 12743.857712
-1641890.829249 -3664882.048563 4939967.793496 12678.120525
-1641890.871375 -3664883.426637 4939967.837509 12611.157989
-1641891.145739 -3664883.786091 4939969.123166 12544.354739
-1641891.476194 -3664884.124700 4939969.583082 12477.347539
-1641891.170308 -3664883.286474 4939969.647632 12411.992604
-1641890.678167 -3664882.763022 4939968.504082 12346.633308
-1641892.153944 -3664884.079495 4939969.496017 12279.293599
-1641890.952373 -3664881.468450 4939967.866640 12215.390365
-1641890.990329 -3664882.874723 4939968.486280 12148.154315
-1641890.974670 -3664882.411349 4939967.584859 12082.737292
-1641891.344337 -3664883.287568 4939967.990798 12015.746993
-1641890.793645 -3664883.831463 4939968.341785 11949.049994
-1641891.366646 -3664883.398864 4939969.157670 11882.202602
-1641891.111405 -3664883.892015 4939968.804987 11815.912006
-1641891.653915 -3664884.474850 4939969.310986 11748.877446
-1641891.184408 -3664884.415102 4939968.208330 11683.124291
-1641891.513783 -3664882.028349 4939967.045103 11618.218315
-1641891.153475 -3664883.208532 4939966.811735 11551.750314
-1641891.535713 -3664884.383476 4939968.131010 11483.588455
-1641891.331658 -3664883.106398 4939966.868854 11418.710097
-1641891.292892 -3664882.159883 4939966.516076 11352.984679
-1641891.212895 -3664883.561991 4939967.542055 11285.214831
-1641891.370948 -3664883.410165 4939967.660381 11218.571629
-1641891.110821 -3664883.421594 4939968.134750 11151.611100
-1641889.797111 -3664882.526227 4939967.373524 11085.920678
-1641891.148078 -3664883.381983 4939967.472984 11018.657434
-1641890.517566 -3664882.222285 4939966.854834 10953.042386
-1641890.805143 -3664883.182386 4939967.824527 10885.212861
