-1743241.898519 -3592605.131661 4987479.998656 49861.313312
-1743266.860345 -3592626.239789 4987507.931997 49813.670009
-1743291.651164 -3592647.110586 4987535.023583 49766.381138
-1743316.199749 -3592666.867029 4987562.417234 49719.423335
-1743340.036735 -3592686.003181 4987588.640316 49673.371327
-1743364.802044 -3592707.575699 4987616.082699 49625.312970
-1743388.709118 -3592727.240524 4987642.869725 49578.162436
-1743413.277259 -3592746.984697 4987669.945708 49530.844969
-1743437.884766 -3592768.008220 4987696.943680 49482.752668
-1743462.178706 -3592788.291144 4987723.740453 49434.960296
-1743486.903476 -3592809.044559 4987751.176461 49386.480864
-1743510.852694 -3592828.725907 4987778.153400 49338.797444
-1743535.509056 -3592849.299920 4987805.105091 49290.363634
-1743559.896004 -3592870.547932 4987831.954315 49241.430655
-1743583.841114 -3592890.253986 4987859.188613 49193.271191
-1743607.907184 -3592909.812006 4987885.910668 49145.076897
-1743632.927068 -3592930.777520 4987912.895860 49095.921865
-1743657.298685 -3592950.529967 4987939.400630 49047.342304
-1743681.550884 -3592970.236384 4987966.471837 48998.632674
-1743705.706509 -3592991.032086 4987993.564268 48949.187707
-1743730.167663 -3593011.336179 4988020.538166 48899.819247
-1743754.157281 -3593031.864027 4988047.050658 48850.480201
-1743778.479529 -3593052.025628 4988073.803969 48800.967959
-1743802.364726 -3593071.796284 4988100.364035 48752.003482
-1743826.791368 -3593091.888087 4988126.739026 48702.520310
-1743851.034925 -3593111.934858 4988153.152902 48652.951117
-1743874.775899 -3593131.047294 4988179.778269 48603.734579
-1743898.826311 -3593151.614418 4988206.338895 48553.357141
-1743922.810038 -3593171.441351 4988232.799182 48503.444761
-1743947.052988 -3593191.848817 4988259.447910 48452.807179
-1743971.653918 -3593212.555036 4988286.726881 48401.661680
-1743994.895249 -3593231.662994 4988312.341222 48352.375989
-1744018.962444 -3593251.756004 4988338.641969 48301.668017
-1744042.770676 -3593271.588383 4988365.185085 48250.788692
-1744067.090775 -3593292.457794 4988392.243453 48199.264869
-1744091.281671 -3593312.775596 4988418.794241 48148.110001
-1744115.095146 -3593332.928196 4988444.905964 48097.035436
-1744138.631758 -3593352.174735 4988471.028141 48046.507775
-1744162.596832 -3593372.750142 4988497.543242 47994.819244
-1744186.854061 -3593392.587377 4988524.220595 47943.339157
-1744210.351038 -3593411.978616 4988550.680458 47891.962041
-1744234.019885 -3593431.367235 4988576.664751 47840.679081
-1744258.091378 -3593451.869892 4988603.246367 47788.548555
-1744281.835020 -3593471.558319 4988629.103861 47737.165351
-1744305.356869 -3593491.033809 4988654.926622 47685.655327
-1744329.389708 -3593511.466298 4988681.014469 47633.478153
-1744352.954187 -3593530.365482 4988707.426106 47581.881852
-1744375.886947 -3593549.893202 4988732.649965 47530.565978
-1744399.940015 -3593570.175076 4988759.380955 47477.729257
-1744423.718485 -3593590.296316 4988785.707014 47425.251885
-1744447.213214 -3593609.889572 4988811.500211 47373.123715
-1744471.127703 -3593629.348795 4988837.472829 47320.870246
-1744494.597604 -3593648.925184 4988863.126337 47268.761344
-1744518.011159 -3593668.371612 4988888.919522 47216.519519
-1744541.790048 -3593688.558348 4988915.159011 47163.302232
-1744565.574767 -3593708.422234 4988941.191599 47110.464597
-1744589.285132 -3593727.887673 4988967.374150 47057.707084
-1744612.281322 -3593747.065050 4988993.043864 47005.313570
-1744635.800432 -3593765.922974 4989018.794528 46952.886721
-1744659.334253 -3593786.280429 4989044.632779 46899.677490
-1744683.052168 -3593806.139140 4989070.453760 46846.394620
-1744706.050790 -3593825.635323 4989095.624414 46793.647976
-1744729.678206 -3593845.640060 4989121.970337 46740.080095
-1744752.728880 -3593864.881555 4989147.584059 46687.087739
-1744776.028353 -3593884.635087 4989173.411068 46633.723064
-1744799.116163 -3593903.749769 4989199.033633 46580.507080
-1744822.818807 -3593923.214225 4989224.657639 46527.000852
-1744846.162632 -3593942.761047 4989250.578329 46473.154160
-1744869.657960 -3593962.359066 4989276.053323 46419.186085
-1744892.623344 -3593981.242781 4989301.419998 46366.359489
-1744915.901266 -3594000.677574 4989327.158968 46312.148391
-1744939.143623 -3594020.079269 4989352.514866 46258.374597
-1744962.358140 -3594039.946348 4989378.374340 46203.990986
-1744985.428288 -3594059.505308 4989403.909430 46149.813166
-1745009.042005 -3594079.128355 4989429.904018 46095.054202
-1745032.485943 -3594098.573905 4989455.378742 46040.597801
-1745054.790086 -3594117.274064 4989480.504972 45986.754099
-1745077.900421 -3594136.598681 4989505.732533 45932.363265
-1745101.665430 -3594156.243722 4989531.184435 45877.415883
-1745124.250162 -3594175.277956 4989556.336249 45823.056695
-1745147.202114 -3594194.647067 4989581.522374 45768.192470
-1745170.810824 -3594214.067405 4989607.234410 45712.850759
-1745193.648691 -3594233.125607 4989631.952501 45658.322327
-1745216.556047 -3594252.779193 4989657.323604 45602.982640
-1745239.422715 -3594271.457570 4989682.537804 45548.036111
-1745262.340811 -3594291.127861 4989707.808256 45492.404687
-1745284.993206 -3594309.941529 4989732.547749 45437.520003
-1745308.504244 -3594329.451246 4989757.893310 45381.859970
-1745331.652625 -3594348.801874 4989783.379680 45325.724490
-1745354.333459 -3594368.418142 4989808.701940 45269.875563
-1745377.050883 -3594386.887059 4989833.657126 45214.454716
-1745400.265328 -3594406.752013 4989859.504847 45157.856833
-1745422.251168 -3594424.628436 4989883.588787 45103.002599
-1745444.864848 -3594443.519955 4989908.333757 45047.403612
-1745467.999458 -3594463.214485 4989933.813053 44990.739393
-1745491.185481 -3594482.475348 4989959.183584 44934.173300
-1745513.815408 -3594501.424588 4989984.130421 44877.768635
-1745536.573233 -3594519.994555 4990008.580787 44821.845753
-1745558.805356 -3594539.261144 4990033.415521 44765.385749
-1745581.593743 -3594558.222725 4990058.332211 44708.834461
-1745604.891013 -3594577.699307 4990083.458941 44651.926046
-1745626.955368 -3594596.121513 4990108.125453 44595.718215
-1745649.752538 -3594615.159630 4990133.092634 44538.714959
-1745671.858103 -3594634.147711 4990157.769753 44481.971231
-1745694.916674 -3594653.314943 4990182.439353 44424.920787
-1745717.574670 -3594672.043613 4990207.272314 44368.190357
-1745739.946760 -3594691.137828 4990232.199028 44310.693878
-1745762.322998 -3594709.995943 4990256.900381 44253.663478
-1745785.067651 -3594729.289194 4990282.040843 44195.821829
-1745807.576307 -3594748.486437 4990306.359573 44138.580720
-1745830.296725 -3594767.402581 4990331.603394 44080.867780
-1745852.784822 -3594786.020747 4990355.739343 44023.606132
-1745874.639019 -3594803.867024 4990379.955319 43966.855520
-1745897.215618 -3594822.917419 4990404.194942 43909.306329
-1745919.587516 -3594841.584603 4990428.711582 43851.677587
-1745941.688184 -3594860.171626 4990452.795597 43794.177213
-1745964.228097 -3594879.172277 4990477.448059 43736.065183
-1745986.884140 -3594898.330007 4990502.338442 43677.638682
-1746008.940985 -3594916.746192 4990526.653092 43619.843198
-1746031.049790 -3594935.803977 4990550.931117 43561.722212
-1746053.666092 -3594954.561731 4990575.431292 43503.201037
-1746076.137096 -3594973.539443 4990599.696834 43444.965266
-1746098.251370 -3594992.148812 4990624.706601 43386.180835
-1746120.776088 -3595010.997874 4990649.709676 43327.571066
-1746142.536363 -3595029.358971 4990673.328956 43269.448434
-1746164.733504 -3595047.540966 4990697.238409 43211.441949
-1746186.908304 -3595066.415553 4990722.051776 43152.333782
-1746209.411776 -3595084.984249 4990746.538105 43093.486053
-1746231.741930 -3595104.039252 4990770.508831 43034.680861
-1746254.224595 -3595122.922390 4990794.925079 42975.522287
-1746275.713354 -3595140.655013 4990818.903865 42917.085482
-1746297.846829 -3595159.735021 4990842.979890 42857.942763
-1746319.650627 -3595177.595114 4990866.879564 42799.307989
-1746341.497185 -3595196.042860 4990891.055081 42740.313297
-1746363.326390 -3595214.235077 4990915.074539 42681.242761
-1746385.166837 -3595233.191142 4990939.006815 42621.852490
-1746407.491882 -3595251.827757 4990962.991318 42562.535408
-1746429.107984 -3595269.410958 4990986.488702 42503.931763
-1746451.859024 -3595288.880692 4991011.147990 42443.423650
-1746473.113814 -3595306.680321 4991034.412224 42384.833835
-1746495.408587 -3595324.984090 4991058.600047 42324.848559
-1746517.315023 -3595343.718341 4991082.650042 42264.963923
-1746539.121281 -3595362.074412 4991106.025598 42205.449592
-1746560.663529 -3595380.008143 4991129.912698 42145.860675
-1746582.469408 -3595398.593130 4991153.899055 42085.870016
-1746604.631278 -3595417.512260 4991178.204853 42025.139586
-1746626.597346 -3595436.279473 4991202.215809 41965.127993
-1746648.743992 -3595454.613845 4991226.035603 41904.593214
-1746669.736090 -3595471.821227 4991248.844748 41845.544925
-1746691.804837 -3595490.453398 4991273.153083 41784.674061
-1746713.177321 -3595508.793052 4991296.875514 41724.441176
-1746735.238165 -3595527.295631 4991320.505452 41663.813382
-1746757.126521 -3595545.530507 4991344.326737 41603.273934
-1746778.615924 -3595563.789099 4991367.762269 41542.776902
-1746800.405917 -3595582.661497 4991391.751797 41481.932521
-1746821.881184 -3595600.375374 4991415.117615 41421.547057
-1746843.075881 -3595617.640464 4991437.960105 41361.511755
-1746864.765540 -3595635.872845 4991462.358647 41300.463510
-1746886.186750 -3595653.966787 4991485.731467 41239.579055
-1746907.974350 -3595673.162510 4991509.578578 41178.074855
-1746929.933219 -3595691.112736 4991533.209195 41117.059367
-1746950.949538 -3595708.850683 4991555.964990 41056.728445
-1746972.389141 -3595726.828764 4991579.256167 40995.916379
-1746994.453347 -3595745.844385 4991603.649127 40933.651808
-1747016.177797 -3595764.298925 4991627.479088 40872.020333
-1747037.511229 -3595782.178719 4991651.057974 40810.823134
-1747058.520009 -3595799.746559 4991673.791008 40749.974668
-1747080.020732 -3595817.431318 4991697.025255 40688.964185
-1747101.852482 -3595836.254233 4991720.644327 40626.890787
-1747122.791013 -3595854.096932 4991743.515287 40565.813899
-1747144.440081 -3595872.158748 4991767.451396 40503.830767
-1747165.300516 -3595889.685546 4991789.948018 40442.925881
-1747186.643582 -3595907.577390 4991813.210609 40381.151439
-1747208.007402 -3595925.051950 4991836.869488 40319.526213
-1747229.745517 -3595943.986110 4991859.911969 40257.477591
-1747250.392824 -3595961.563300 4991883.212833 40195.878816
-1747271.768862 -3595979.483870 4991905.753838 40134.282037
-1747293.167716 -3595997.537570 4991929.192281 40072.085880
-1747313.915971 -3596014.871887 4991952.327737 40010.217108
-1747335.492222 -3596033.506220 4991975.202304 39947.998634
-1747356.924776 -3596051.458820 4991998.724895 39885.540810
-1747378.052777 -3596069.181701 4992021.802598 39823.210940
-1747399.106222 -3596086.207998 4992044.470116 39761.568076
-1747420.487853 -3596104.600035 4992067.190883 39699.063208
-1747441.456489 -3596122.214357 4992090.107620 39636.763364
-1747462.313371 -3596140.250299 4992113.414264 39574.069081
-1747483.493333 -3596158.483364 4992136.479837 39511.334727
-1747504.670187 -3596175.969829 4992159.511745 39448.644232
-1747525.583909 -3596193.567470 4992182.266972 39386.172175
-1747546.722942 -3596211.350651 4992205.060968 39323.227939
-1747567.907223 -3596229.747173 4992228.157154 39259.852469
-1747588.716574 -3596246.986300 4992251.070579 39197.220859
-1747609.849597 -3596264.357435 4992273.515934 39134.584025
-1747630.566993 -3596282.168432 4992296.040005 39071.568757
-1747651.569748 -3596299.661810 4992318.805780 39008.484939
-1747671.981724 -3596317.205155 4992341.645213 38945.243712
-1747693.446846 -3596335.534524 4992364.831131 38881.299994
-1747714.007400 -3596352.589182 4992387.330466 38818.229497
-1747735.176459 -3596370.553878 4992410.311196 38754.424175
-1747755.597841 -3596388.156185 4992432.705004 38691.033995
-1747776.829039 -3596406.284494 4992455.878538 38626.748090
-1747797.673103 -3596423.346376 4992478.069348 38563.280929
-1747818.625255 -3596441.518194 4992501.003697 38499.118607
-1747839.075954 -3596458.766215 4992523.394543 38435.538846
-1747859.730935 -3596476.807130 4992545.669747 38371.303241
-1747880.117478 -3596493.263659 4992567.975047 38307.815883
-1747901.015774 -3596510.970089 4992590.321950 38243.587575
-1747922.464514 -3596528.704467 4992612.906785 38178.935163
-1747942.645475 -3596545.630399 4992635.702209 38114.761119
-1747962.562628 -3596562.985894 4992657.269562 38050.825675
-1747984.034492 -3596580.729428 4992680.221121 37985.770101
-1748005.139922 -3596598.545828 4992703.212529 37920.563100
-1748025.785825 -3596616.120944 4992725.266796 37855.878881
-1748045.968793 -3596633.513793 4992748.069852 37790.930422
-1748066.329153 -3596650.190922 4992769.795839 37726.704758
-1748086.933704 -3596667.995528 4992791.800634 37661.737364
-1748107.232037 -3596684.681840 4992813.909584 37597.096319
-1748127.644147 -3596702.639479 4992836.430843 37531.532698
-1748147.491594 -3596719.312718 4992858.320818 37466.924847
-1748168.857430 -3596737.586701 4992880.835276 37400.787857
-1748188.624872 -3596754.085645 4992902.396474 37336.267590
-1748209.507055 -3596772.057906 4992924.951666 37270.405691
-1748229.943551 -3596788.983179 4992946.841494 37205.051836
-1748250.317051 -3596806.694228 4992969.035481 37139.258406
-1748270.480994 -3596823.544694 4992990.502585 37074.184258
-1748290.979669 -3596840.677449 4993013.115393 37008.043625
-1748311.748377 -3596858.706234 4993035.894453 36941.439474
-1748331.849474 -3596875.044537 4993057.298009 36876.253447
-1748351.900222 -3596892.498776 4993079.838504 36809.949355
-1748372.203582 -3596909.171918 4993101.234844 36744.396972
-1748392.690635 -3596926.499854 4993123.234177 36678.131618
-1748413.352489 -3596944.778404 4993146.007504 36610.701428
-1748433.399606 -3596961.727611 4993167.978660 36544.637486
-1748453.395659 -3596978.511356 4993189.069629 36478.669078
-1748473.289365 -3596995.265615 4993210.749296 36412.464563
-1748494.017828 -3597012.627436 4993233.122388 36345.137567
-1748513.718974 -3597029.285833 4993254.474234 36279.008355
-1748534.531594 -3597047.427255 4993276.891359 36211.551274
-1748554.173333 -3597064.454814 4993298.474635 36144.882755
-1748574.315936 -3597080.864616 4993320.048576 36078.218235
-1748594.552774 -3597098.327041 4993341.776535 36011.039194
-1748615.110154 -3597115.698045 4993364.466859 35943.284910
-1748635.131950 -3597133.155304 4993385.703045 35876.004430
-1748655.145282 -3597149.796357 4993407.573979 35808.714673
-1748674.839991 -3597166.292684 4993428.956380 35741.898579
-1748695.155626 -3597183.771781 4993450.535625 35673.992815
-1748714.877904 -3597200.219831 4993471.559213 35606.801118
-1748734.880018 -3597217.277388 4993493.602419 35538.861577
-1748754.631383 -3597233.352044 4993514.889763 35471.553516
-1748775.002741 -3597251.116401 4993536.769559 35403.171244
-1748794.759702 -3597267.801344 4993558.403955 35334.970113
-1748814.680021 -3597284.547327 4993579.591136 35267.022868
-1748834.415956 -3597300.853363 4993601.271489 35199.098489
-1748854.473076 -3597318.200657 4993622.702461 35130.461030
-1748874.588880 -3597335.595662 4993644.156703 35061.768677
-1748894.177778 -3597352.172868 4993665.369633 34993.674778
-1748914.329460 -3597368.466369 4993687.174796 34924.858503
-1748934.376727 -3597386.404475 4993708.698127 34855.331830
-1748953.752017 -3597402.850287 4993730.177481 34787.007971
-1748973.692548 -3597419.531589 4993751.154410 34717.950678
-1748992.919615 -3597435.793190 4993772.058606 34649.645461
-1749012.937651 -3597452.916805 4993794.026974 34580.067448
-1749032.517066 -3597470.367667 4993815.273020 34510.616221
-1749052.550180 -3597486.975789 4993836.456650 34441.564777
-1749071.736575 -3597503.335019 4993857.264588 34372.978985
-1749091.346319 -3597519.746165 4993878.470951 34303.847240
-1749111.342953 -3597537.145052 4993900.174600 34233.747547
-1749130.900090 -3597553.334882 4993921.345943 34164.506156
-1749150.902996 -3597570.649109 4993942.648965 34094.815145
-1749170.179805 -3597587.090475 4993963.746502 34025.495047
-1749189.614400 -3597603.723196 4993984.735271 33955.817073
-1749209.672795 -3597620.768443 4994005.734802 33885.833561
-1749228.991929 -3597636.880445 4994026.675650 33816.623185
-1749248.069268 -3597652.829503 4994047.222682 33747.507548
-1749268.154780 -3597669.688084 4994069.177146 33676.910450
-1749287.572107 -3597686.688895 4994089.667103 33606.912745
-1749307.164438 -3597703.463362 4994111.126286 33536.507739
-1749326.502113 -3597719.887100 4994132.187942 33466.418685
-1749345.834312 -3597736.211201 4994153.261753 33396.324004
-1749365.178951 -3597752.535034 4994173.970807 33326.408236
-1749385.114400 -3597769.602847 4994195.391980 33255.738031
-1749404.050449 -3597785.932057 4994216.253156 33185.439207
-1749423.342277 -3597801.729690 4994237.047649 33115.250553
-1749443.004343 -3597819.215274 4994257.775539 33044.283252
-1749461.773951 -3597834.673987 4994278.289399 32974.573854
-1749482.150087 -3597851.790172 4994299.622985 32903.168591
-1749500.751155 -3597868.008103 4994319.692472 32833.221534
-1749519.888638 -3597884.380569 4994340.729384 32762.447544
-1749539.551011 -3597900.740602 4994361.645518 32691.446796
-1749558.894197 -3597917.093627 4994382.549100 32620.628763
-1749578.239653 -3597934.205299 4994403.183486 32549.609054
-1749597.604300 -3597950.376164 4994423.768421 32478.927339
-1749616.317929 -3597966.420689 4994444.123991 32408.495032
-1749635.798882 -3597983.563618 4994465.234609 32336.938590
-1749655.173731 -3597999.145480 4994486.093166 32266.240661
-1749673.820803 -3598015.503231 4994506.062504 32195.523780
-1749693.601197 -3598032.641045 4994527.286768 32123.810464
-1749712.601449 -3598048.194505 4994547.783824 32052.952714
-1749731.298943 -3598064.118785 4994567.986726 31982.380993
-1749750.792251 -3598081.201820 4994588.467345 31910.822421
-1749769.416982 -3598096.801971 4994608.972274 31839.897346
-1749788.715403 -3598113.570306 4994629.661014 31768.443159
-1749807.593359 -3598129.179910 4994650.056887 31697.582292
-1749826.511244 -3598145.867239 4994670.205464 31626.349032
-1749845.649865 -3598162.286741 4994690.783365 31554.840686
-1749864.262884 -3598178.730495 4994710.707266 31483.691128
-1749883.227040 -3598194.219046 4994731.135025 31412.581796
-1749902.117651 -3598210.424194 4994751.517086 31341.255630
-1749921.304824 -3598226.494412 4994772.336071 31269.420201
-1749940.020230 -3598242.496321 4994792.357067 31198.484077
-1749959.476364 -3598258.989381 4994812.913153 31126.601672
-1749978.414062 -3598275.103954 4994833.397780 31055.272816
-1749997.471269 -3598291.795735 4994854.025699 30983.093723
-1750015.979514 -3598307.474124 4994873.703145 30912.103039
-1750034.814231 -3598323.516022 4994894.126920 30840.466896
-1750053.500774 -3598338.868301 4994914.116089 30769.251561
-1750072.196262 -3598354.843823 4994934.426707 30697.654200
-1750091.169850 -3598371.218658 4994954.306400 30625.983453
-1750110.449077 -3598388.007819 4994975.590763 30553.310725
-1750129.193552 -3598404.222230 4994995.684760 30481.574585
-1750147.664742 -3598419.669057 4995015.438281 30410.264755
-1750166.792562 -3598436.501872 4995035.764106 30337.915702
-1750185.591360 -3598452.280029 4995056.101268 30266.044795
-1750204.004457 -3598468.228469 4995075.584081 30194.554528
-1750222.906144 -3598484.136137 4995095.404975 30122.771828
-1750241.189708 -3598499.423479 4995115.400162 30051.317214
-1750259.294240 -3598514.604840 4995134.912229 29980.151791
-1750278.417078 -3598531.293780 4995155.588789 29907.227554
-1750296.893711 -3598547.462070 4995175.022536 29835.591478
-1750315.112128 -3598563.115133 4995194.560311 29764.094352
-1750333.672955 -3598578.676586 4995214.634917 29692.028147
-1750352.634803 -3598595.333332 4995235.120818 29619.094655
-1750371.094976 -3598611.186756 4995254.603135 29547.353464
-1750389.680459 -3598627.198591 4995274.674528 29475.066881
-1750408.294694 -3598642.845486 4995294.407064 29402.963476
-1750427.118254 -3598658.747998 4995313.792859 29330.832118
-1750444.914968 -3598674.223018 4995333.615411 29259.068399
-1750463.738695 -3598690.652370 4995353.687165 29186.257311
-1750481.302355 -3598705.502333 4995372.812331 29114.848669
-1750500.174454 -3598721.538036 4995392.577237 29042.337138
-1750518.578292 -3598737.695580 4995412.497793 28969.773940
-1750536.488100 -3598752.616194 4995431.936974 28897.962987
-1750555.154731 -3598768.257387 4995451.459030 28825.795369
-1750573.776533 -3598784.257190 4995471.100399 28752.998098
-1750592.381637 -3598799.630905 4995491.096700 28680.658607
-1750610.647248 -3598815.950697 4995510.860295 28607.717499
-1750629.084121 -3598831.726077 4995530.446807 28535.177481
-1750647.244514 -3598847.353805 4995549.816987 28462.698862
-1750665.302224 -3598862.565545 4995569.123523 28390.483821
-1750683.862294 -3598878.533358 4995588.918425 28317.669850
-1750701.681114 -3598893.925595 4995607.832992 28245.498586
-1750720.279848 -3598909.895515 4995628.029971 28172.183429
-1750738.703361 -3598926.108737 4995647.742484 28099.187492
-1750756.790273 -3598941.434851 4995667.186285 28026.712503
-1750775.097382 -3598957.120440 4995686.035815 27954.207529
-1750793.127536 -3598972.612596 4995705.738502 27881.410881
-1750811.292671 -3598988.073035 4995725.318677 27808.516142
-1750829.418820 -3599003.396411 4995744.163279 27736.298050
-1750847.865149 -3599019.334279 4995764.103783 27662.812562
-1750865.692239 -3599034.573516 4995783.616827 27590.139273
-1750884.299010 -3599050.031327 4995803.299583 27517.062444
-1750901.924781 -3599065.249072 4995822.429051 27444.554735
-1750919.792791 -3599080.680247 4995841.161720 27371.991602
-1750937.722404 -3599096.108265 4995860.553208 27299.314347
-1750956.147158 -3599111.920005 4995880.082622 27226.112032
-1750974.029791 -3599127.606635 4995898.676261 27153.442368
-1750992.115098 -3599143.358580 4995918.256108 27080.234357
-1751009.757756 -3599158.261936 4995937.018204 27008.069951
-1751028.340280 -3599174.034529 4995956.417213 26934.828690
-1751045.756876 -3599188.965490 4995975.214354 26862.595575
-1751063.607991 -3599204.368578 4995994.406985 26789.654769
-1751081.774724 -3599219.974991 4996013.573230 26716.646334
-1751099.173005 -3599234.843736 4996032.358440 26644.264869
-1751117.295196 -3599250.709260 4996051.622887 26571.128949
-1751135.205959 -3599266.079294 4996070.371347 26498.467149
-1751153.488624 -3599281.083119 4996089.920711 26425.549145
-1751171.101149 -3599296.528939 4996108.407196 26353.128637
-1751188.676239 -3599311.696436 4996127.706990 26280.528523
-1751206.177470 -3599326.567733 4996146.388048 26208.341850
-1751224.226124 -3599342.234165 4996165.509113 26135.235205
-1751242.229020 -3599357.523951 4996184.626994 26062.787690
-1751259.492713 -3599372.574436 4996202.855639 25990.760222
-1751277.387692 -3599388.195554 4996222.033470 25918.098400
-1751295.178132 -3599403.472115 4996241.189429 25845.696072
-1751312.920692 -3599418.771352 4996259.805808 25773.590905
-1751330.607008 -3599433.574542 4996278.761115 25701.567050
-1751348.406361 -3599448.943494 4996297.595698 25629.266653
-1751366.353255 -3599464.301049 4996316.236009 25557.169855
-1751383.591609 -3599479.440990 4996335.213274 25485.119816
-1751401.422101 -3599495.340420 4996354.218919 25412.796148
-1751419.124136 -3599510.627919 4996373.162286 25340.775552
-1751436.376031 -3599524.995538 4996391.100649 25269.994144
-1751453.996403 -3599539.911778 4996410.013106 25198.413927
-1751471.855025 -3599555.470787 4996428.978645 25126.529067
-1751489.482221 -3599570.376459 4996447.852565 25055.084806
-1751507.068074 -3599585.685812 4996466.185243 24983.842323
-1751524.638675 -3599600.580968 4996484.265344 24912.867609
-1751541.909168 -3599615.476159 4996503.357220 24841.586095
-1751559.702605 -3599630.220110 4996521.900309 24770.639232
-1751577.196778 -3599645.929661 4996540.425501 24699.067067
-1751594.487084 -3599660.253271 4996559.189454 24628.438401
-1751611.896276 -3599675.367604 4996577.563364 24557.611469
-1751629.428811 -3599690.859390 4996596.228221 24486.448472
-1751647.053118 -3599706.013126 4996614.985895 24415.495328
-1751664.454799 -3599721.516630 4996633.266036 24344.615298
-1751681.743872 -3599736.209024 4996652.086186 24274.028965
-1751698.934549 -3599750.575595 4996670.561858 24203.803349
-1751733.759251 -3599826.498222 4996714.243896 24085.143272
-1751753.405896 -3599849.547000 4996736.636340 24007.895837
-1751772.802775 -3599872.597466 4996758.388547 23931.366523
-1751792.216617 -3599894.713785 4996779.746400 23855.390362
-1751811.266081 -3599916.717663 4996800.736186 23779.725699
-1751831.055664 -3599940.060486 4996822.716469 23702.873189
-1751850.313686 -3599962.325111 4996843.721867 23627.285512
-1751870.111222 -3599985.446584 4996865.645256 23550.602841
-1751888.832740 -3600006.901791 4996886.603157 23475.730702
-1751909.103971 -3600030.965776 4996909.044523 23398.453275
-1751928.520772 -3600054.206082 4996930.830275 23322.114661
-1751947.484746 -3600076.512688 4996951.757657 23246.928103
-1751966.754941 -3600098.198734 4996973.190752 23171.832796
-1751986.170715 -3600120.632749 4996995.092728 23095.882362
-1752005.337768 -3600143.098308 4997016.563673 23020.659136
-1752024.476791 -3600165.434772 4997037.624521 22945.739330
-1752044.192386 -3600187.796609 4997059.086897 22870.459351
-1752063.446907 -3600210.379853 4997080.407335 22795.246923
-1752082.997228 -3600233.218965 4997102.001664 22719.906953
-1752101.964693 -3600255.122051 4997123.321075 22645.461303
-1752121.172501 -3600277.448632 4997144.531717 22570.696315
-1752140.461364 -3600301.012350 4997166.097951 22495.193002
-1752159.308443 -3600323.051504 4997187.078642 22421.136508
-1752178.512413 -3600345.403531 4997208.387308 22346.584471
-1752197.689624 -3600367.736068 4997229.478667 22272.207775
-1752217.198581 -3600390.006936 4997250.943098 22197.851358
-1752236.063926 -3600412.811006 4997272.082848 22123.453441
-1752255.396782 -3600435.788848 4997293.100910 22049.021616
-1752273.868676 -3600457.518369 4997313.736075 21975.728518
-1752293.556270 -3600480.425693 4997335.872608 21900.828203
-1752312.184050 -3600502.018604 4997356.381928 21827.764597
-1752331.254741 -3600524.857686 4997377.642900 21753.550550
-1752350.167171 -3600546.757498 4997398.900606 21680.034127
-1752369.049780 -3600569.443831 4997419.309295 21606.407107
-1752387.975704 -3600591.856003 4997440.315544 21532.933092
-1752406.902535 -3600613.672686 4997461.686787 21459.494985
-1752425.681531 -3600635.643671 4997482.518941 21386.422370
-1752444.658612 -3600657.786638 4997503.251231 21313.414017
-1752463.910754 -3600679.684959 4997524.336360 21240.275265
-1752482.473436 -3600702.412554 4997545.244056 21166.954937
-1752500.691783 -3600723.714551 4997565.759280 21094.883077
-1752520.189105 -3600747.041283 4997587.093967 21020.992508
-1752538.687313 -3600768.535753 4997607.513534 20948.872636
-1752557.745851 -3600791.024758 4997629.139012 20875.667412
-1752576.503652 -3600812.868472 4997649.872700 20803.313273
-1752594.913042 -3600834.314185 4997670.203656 20731.618774
-1752613.816921 -3600856.810430 4997691.040324 20658.926762
-1752632.498744 -3600879.417495 4997712.102512 20586.348607
-1752650.867720 -3600900.521311 4997732.148094 20515.226891
-1752669.401330 -3600922.568019 4997752.534459 20443.425396
-1752688.035744 -3600944.696598 4997773.469960 20371.433276
-1752706.924082 -3600966.647050 4997794.290482 20299.595887
-1752725.551757 -3600989.342130 4997815.143058 20227.585728
-1752744.109038 -3601010.760476 4997835.719990 20156.467559
-1752763.034058 -3601032.914145 4997856.079527 20085.073859
-1752780.944056 -3601054.460844 4997876.524410 20014.191604
-1752800.338723 -3601076.902037 4997897.634383 19942.505395
-1752818.590954 -3601097.920741 4997917.889591 19872.040927
-1752837.019433 -3601119.937041 4997937.742592 19801.638214
-1752855.477375 -3601142.250296 4997958.946451 19730.272757
-1752873.767169 -3601164.021941 4997979.367558 19659.677571
-1752892.274775 -3601186.059241 4997999.756879 19589.067054
-1752910.445837 -3601207.012055 4998019.511281 19519.589197
-1752929.141008 -3601228.926276 4998040.752900 19448.799086
-1752947.449956 -3601250.587843 4998060.188130 19379.356454
-1752965.705832 -3601272.806990 4998080.608297 19308.907478
-1752984.454572 -3601294.976217 4998101.276632 19238.537152
-1753002.911410 -3601316.115052 4998121.330220 19169.171228
-1753021.335011 -3601338.558997 4998141.888631 19098.926042
-1753039.368074 -3601360.010458 4998162.210601 19029.434982
-1753057.398099 -3601381.649457 4998182.221123 18960.165392
-1753076.081654 -3601403.068004 4998202.872412 18890.609619
-1753093.979295 -3601424.890239 4998222.948399 18821.161776
-1753112.385413 -3601446.477026 4998242.958616 18752.266790
-1753130.525206 -3601467.997307 4998263.583048 18683.080651
-1753148.654625 -3601489.382514 4998283.458310 18614.126998
-1753166.945276 -3601511.486916 4998303.693342 18544.929046
-1753184.890627 -3601532.784382 4998323.916979 18476.183799
-1753203.072908 -3601554.320692 4998344.279033 18407.349018
-1753221.589961 -3601576.603895 4998364.241927 18338.252383
-1753239.727022 -3601598.256695 4998384.608882 18269.568316
-1753257.466250 -3601619.272860 4998404.466292 18201.315341
-1753275.593797 -3601640.450494 4998424.290137 18133.248453
-1753293.622903 -3601662.717857 4998444.539508 18064.329847
-1753311.829691 -3601684.292186 4998464.759993 17995.928523
-1753329.236812 -3601704.608227 4998483.964851 17928.858233
-1753347.684139 -3601726.499528 4998504.357294 17860.265496
-1753365.497126 -3601747.424974 4998523.765461 17792.755354
-1753383.311734 -3601769.477712 4998544.133023 17724.020119
-1753401.460193 -3601791.227706 4998564.304349 17655.877240
-1753419.630072 -3601812.476745 4998584.343167 17588.070083
-1753437.276468 -3601833.801330 4998604.107467 17520.223794
-1753454.781464 -3601854.736240 4998623.324417 17453.318101
-1753473.167124 -3601876.670992 4998643.752032 17384.988820
-1753491.035423 -3601898.093339 4998663.083785 17317.619633
-1753508.905518 -3601919.003711 4998682.933742 17250.350350
-1753526.169006 -3601939.996053 4998702.112412 17183.400611
-1753544.079288 -3601961.133702 4998721.867125 17116.012872
-1753562.150667 -3601982.502029 4998741.723261 17048.535883
-1753579.744013 -3602003.865959 4998761.619461 16981.238178
-1753597.256655 -3602024.424345 4998780.193049 16915.031157
-1753614.804092 -3602045.796726 4998800.192901 16847.739712
-1753632.840604 -3602067.067170 4998819.965696 16780.260548
-1753650.337339 -3602088.753609 4998839.709246 16713.000779
-1753668.209331 -3602109.420531 4998859.150053 16646.085475
-1753685.832767 -3602130.657959 4998878.785232 16579.091951
-1753703.519071 -3602152.928854 4998898.276669 16511.436619
-1753720.940314 -3602173.705938 4998917.540732 16444.857009
-1753738.771305 -3602194.852660 4998936.867093 16377.931793
-1753756.413881 -3602216.038074 4998956.720192 16310.948844
-1753773.982475 -3602236.725495 4998976.574783 16244.129764
-1753791.521277 -3602257.621803 4998995.313750 16177.589708
-1753808.705845 -3602279.096618 4999014.719325 16110.491725
-1753826.387234 -3602300.019115 4999034.495802 16043.654287
-1753844.008730 -3602320.989857 4999053.634140 15976.957621
-1753861.142210 -3602342.098118 4999073.401869 15909.975897
-1753879.003189 -3602363.258034 4999092.470752 15843.186552
-1753896.482470 -3602384.091380 4999111.715445 15776.508613
-1753913.731685 -3602405.179996 4999131.155580 15709.866550
-1753931.118285 -3602426.167940 4999150.117383 15643.316339
-1753948.364223 -3602446.963126 4999169.291232 15576.848088
-1753965.693573 -3602466.717310 4999187.888513 15511.185860
-1753982.995201 -3602488.822696 4999207.252292 15444.104881
-1754000.581542 -3602509.952849 4999226.823292 15377.380169
-1754017.514937 -3602529.949177 4999245.669184 15311.587090
-1754035.195878 -3602551.211264 4999265.796010 15244.351668
-1754052.542197 -3602571.812845 4999283.995412 15178.594757
-1754069.120056 -3602591.741505 4999302.389183 15113.175237
-1754086.827213 -3602613.098099 4999322.091927 15046.117067
-1754103.641929 -3602633.976750 4999340.725773 14979.913775
-1754121.131850 -3602654.736606 4999360.181949 14913.553617
-1754138.262228 -3602675.410173 4999378.515225 14847.500520
-1754155.154419 -3602695.488376 4999397.886539 14781.504943
-1754172.894412 -3602717.442629 4999417.018272 14714.477166
-1754189.795961 -3602738.115888 4999435.684980 14648.241061
-1754206.686746 -3602758.621355 4999454.883794 14581.970856
-1754223.787957 -3602779.536930 4999473.563985 14515.829088
-1754241.252501 -3602800.158567 4999492.559216 14449.579937
-1754258.114893 -3602820.787743 4999511.334520 14383.438660
-1754275.257501 -3602841.779701 4999530.434712 14316.767691
-1754292.238369 -3602862.048157 4999549.352189 14250.947108
-1754309.194435 -3602882.415693 4999567.888229 14184.949858
-1754326.144976 -3602903.053039 4999586.567359 14118.722950
-1754343.586430 -3602924.268405 4999606.197811 14051.658308
-1754360.148004 -3602945.174761 4999624.871349 13985.510205
-1754377.002488 -3602964.818841 4999643.041863 13919.897010
-1754393.550597 -3602984.918253 4999661.290291 13854.326565
-1754411.452969 -3603007.043298 4999681.346891 13786.318184
-1754427.993891 -3603026.416777 4999699.235078 13721.216864
-1754444.771323 -3603047.141145 4999718.657726 13654.549878
-1754461.790342 -3603068.403726 4999737.374012 13588.034838
-1754478.839859 -3603089.312635 4999756.209683 13521.457205
-1754495.187415 -3603108.919133 4999774.127910 13456.238527
-1754511.939612 -3603129.320938 4999792.755627 13390.184949
-1754529.617718 -3603150.071240 4999812.040377 13323.460399
-1754545.737653 -3603170.914507 4999830.141206 13257.483085
-1754562.339757 -3603190.362164 4999848.311324 13192.180876
-1754578.773148 -3603210.346734 4999866.657527 13126.669464
-1754596.122406 -3603231.331887 4999885.385690 13060.097782
-1754612.834760 -3603251.336214 4999903.680798 12994.560745
-1754629.484057 -3603271.772791 4999922.077703 12928.624932
-1754646.236264 -3603292.560628 4999940.749029 12862.328966
-1754662.659448 -3603312.362971 4999958.838476 12797.045155
-1754679.157074 -3603332.632693 4999977.003974 12731.137033
-1754695.484611 -3603352.955347 4999995.207741 12665.465242
-1754712.647609 -3603373.976047 5000014.210580 12598.811135
-1754728.973335 -3603393.290583 5000032.085270 12533.831839
-1754746.016804 -3603414.358442 5000050.937677 12467.358686
-1754762.578765 -3603434.146815 5000069.525063 12401.442758
-1754778.954434 -3603454.646170 5000087.088210 12336.207838
-1754795.379667 -3603475.099444 5000105.431139 12270.156338
-1754812.009932 -3603495.439190 5000123.877476 12204.139916
-1754828.498772 -3603514.746829 5000141.729906 12139.038849
-1754844.946927 -3603535.342927 5000160.066655 12073.078279
-1754861.425612 -3603555.589883 5000178.206635 12007.304197
-1754877.624174 -3603575.387239 5000195.999304 11941.816425
-1754894.124869 -3603596.158454 5000214.393457 11875.722916
-1754910.450110 -3603615.965761 5000231.974767 11810.241015
-1754926.888079 -3603636.069284 5000250.323958 11744.254281
-1754943.249792 -3603656.142368 5000268.230987 11678.741891
-1754959.561973 -3603675.766720 5000286.566884 11612.844025
-1754975.827537 -3603696.229654 5000304.343602 11546.883642
-1754992.250376 -3603716.166351 5000322.525354 11480.959016
-1755009.225166 -3603736.986555 5000341.019136 11414.185129
-1755025.337613 -3603756.910184 5000358.964749 11348.480936
-1755041.494732 -3603776.636240 5000377.312673 11282.456576
-1755057.961314 -3603797.020006 5000395.673167 11215.977818
-1755073.883020 -3603816.114547 5000413.077402 11150.713706
-1755089.968759 -3603835.920246 5000430.953277 11084.577075
-1755106.487562 -3603856.803642 5000449.015058 11017.796757
-1755122.474089 -3603876.071271 5000466.611211 10952.339960
-1755138.398686 -3603895.800553 5000484.340927 10886.248945
-1755155.271229 -3603916.406502 5000502.400873 10819.563579
-1755171.051108 -3603936.279404 5000520.338297 10753.153899
-1755187.022152 -3603955.863938 5000537.612319 10687.499448
-1755203.027216 -3603975.553238 5000555.706902 10620.874308
-1755219.736045 -3603995.610685 5000573.759106 10554.199959
-1755235.576497 -3604015.666407 5000591.503384 10487.764829
-1755251.253714 -3604035.443506 5000609.185053 10421.424508
-1755267.090604 -3604055.198896 5000626.302588 10355.312787
-1755283.232551 -3604074.762113 5000644.062668 10288.967728
-1755299.644354 -3604095.305601 5000661.677602 10221.843759
-1755315.243921 -3604114.324344 5000679.090924 10155.858786
-1755331.172857 -3604133.824441 5000696.637891 10089.401538
-1755347.609368 -3604154.178289 5000714.631804 10022.234272
-1755363.300833 -3604173.825996 5000731.819940 9955.827341
-1755379.312286 -3604193.394236 5000750.035316 9888.943777
-1755395.285018 -3604213.379387 5000767.532032 9821.891982
-1755410.996045 -3604233.071220 5000785.343440 9754.927725
-1755426.780478 -3604252.233167 5000802.524846 9688.620802
-1755443.003596 -3604272.288405 5000819.942626 9621.692827
-1755458.190444 -3604291.189371 5000836.949499 9555.553395
-1755475.055665 -3604311.604950 5000855.045891 9487.745670
-1755490.208766 -3604330.431725 5000871.749527 9421.739132
-1755506.369142 -3604350.132188 5000889.570482 9354.421160
-1755521.773868 -3604369.912695 5000907.148181 9287.277997
-1755537.878703 -3604390.301707 5000924.316881 9220.231347
-1755553.175318 -3604409.178886 5000941.574824 9153.497839
-1755568.723572 -3604429.175430 5000958.736347 9086.359906
-1755584.152422 -3604447.866036 5000975.796746 9019.830474
-1755600.226719 -3604467.479699 5000992.930715 8953.019110
-1755615.854443 -3604487.328192 5001010.448162 8885.641495
-1755631.317538 -3604506.358508 5001027.351511 8819.140655
-1755647.560308 -3604526.280114 5001045.271974 8751.303179
-1755663.497514 -3604546.318503 5001063.014834 8683.520332
-1755678.765699 -3604565.267958 5001080.099657 8616.633468
-1755694.267192 -3604584.537584 5001097.293361 8549.694057
-1755709.703004 -3604603.077874 5001114.236280 8482.972439
-1745572.652696 -3597369.266943 4976364.086787 28218.750786
-1745596.888472 -3597393.733023 4976400.689764 28136.122207
-1745621.006832 -3597417.811244 4976437.455697 28053.379268
-1745645.030931 -3597441.218693 4976473.952980 27971.117441
-1745669.439413 -3597466.464724 4976511.465186 27887.361463
-1745693.289219 -3597489.485792 4976547.595331 27805.389541
-1745717.269905 -3597513.203174 4976584.078352 27722.944949
-1745741.644267 -3597537.875260 4976621.868377 27639.247260
-1745765.563558 -3597561.419018 4976657.644899 27557.023641
-1745790.079467 -3597586.097499 4976695.049416 27473.513049
-1745814.018109 -3597609.227780 4976731.155774 27391.323515
-1745837.974870 -3597633.368061 4976767.151837 27308.812152
-1745862.114704 -3597657.176610 4976804.060912 27225.746555
-1745885.954722 -3597680.427560 4976839.861861 27143.469773
-1745909.886930 -3597704.334952 4976876.310217 27060.493891
-1745934.009739 -3597728.645084 4976913.876522 26976.604786
-1745958.102583 -3597753.139179 4976950.334876 26893.488299
-1745982.438581 -3597776.853882 4976987.045101 26810.222818
-1746005.550213 -3597800.528999 4977022.606568 26727.817085
-1746029.961980 -3597824.517512 4977058.827838 26644.893741
-1746053.784561 -3597847.557539 4977094.517870 26562.602983
-1746077.441865 -3597871.557250 4977131.149430 26479.187091
-1746101.346866 -3597895.951447 4977168.149514 26395.304852
-1746125.212790 -3597919.844678 4977203.536292 26312.476528
-1746148.805813 -3597943.108654 4977240.152651 26229.390898
-1746172.944145 -3597967.880644 4977276.766805 26145.371958
-1746196.666515 -3597991.618111 4977313.418958 26061.918218
-1746220.458951 -3598015.451585 4977349.138202 25978.688575
-1746244.567659 -3598039.465453 4977385.311545 25895.203405
-1746267.699097 -3598062.212420 4977420.850572 25812.619763
-1746291.666618 -3598086.200133 4977457.113092 25728.827027
-1746315.127546 -3598109.276430 4977492.424930 25646.199537
-1746338.898891 -3598132.745360 4977529.107707 25562.448547
-1746362.317479 -3598157.206474 4977565.075104 25478.530396
-1746386.094375 -3598180.928309 4977601.281614 25394.646681
-1746409.889101 -3598205.211306 4977637.402811 25310.696153
-1746433.612532 -3598228.609540 4977672.731691 25227.492294
-1746457.501993 -3598251.881121 4977709.244998 25143.626654
-1746480.898701 -3598275.878365 4977744.503205 25060.040079
-1746504.471558 -3598299.183355 4977779.732688 24976.933916
-1746527.757229 -3598323.180478 4977815.958687 24892.621719
-1746551.275001 -3598346.620484 4977852.050340 24808.683687
-1746574.551224 -3598370.653790 4977887.443536 24724.668762
-1746598.139724 -3598393.648484 4977923.533470 24640.786453
-1746621.373090 -3598417.198556 4977959.073161 24556.931164
-1746644.850549 -3598440.222462 4977994.477991 24473.214622
-1746668.244453 -3598464.262391 4978030.176224 24388.706926
-1746691.525839 -3598487.674435 4978065.680440 24304.816198
-1746714.994987 -3598511.329986 4978100.974328 24220.866431
-1746738.259955 -3598534.287015 4978136.873993 24136.553645
-1746761.948319 -3598558.460763 4978172.473260 24051.790009
-1746785.521857 -3598582.672821 4978208.097777 23967.119716
-1746808.180678 -3598604.870772 4978244.320007 23882.829721
-1746831.714997 -3598629.080413 4978279.583003 23798.181039
-1746855.020273 -3598652.590417 4978314.755760 23713.762388
-1746878.071338 -3598674.868401 4978349.620817 23630.247735
-1746901.500408 -3598698.649958 4978385.343175 23545.306628
-1746924.279116 -3598722.283317 4978420.491372 23460.846568
-1746947.668118 -3598745.436395 4978455.706985 23376.316201
-1746970.798848 -3598769.509907 4978491.426639 23291.090344
-1746993.929886 -3598791.460898 4978526.200410 23207.263068
-1747016.587194 -3598814.849483 4978561.352737 23122.583234
-1747040.155108 -3598838.486817 4978596.527599 23037.838101
-1747063.007219 -3598862.195789 4978632.053939 22952.562069
-1747085.959280 -3598885.366242 4978667.833928 22867.608923
-1747109.327540 -3598908.840902 4978702.822489 22782.639775
-1747132.005061 -3598931.491978 4978736.650234 22698.998261
-1747154.990710 -3598955.384274 4978770.992985 22614.575918
-1747178.456543 -3598979.295530 4978807.251025 22528.205622
-1747201.233897 -3599002.025490 4978842.099431 22443.858427
-1747224.091822 -3599025.058886 4978877.421588 22358.765002
-1747247.348580 -3599048.495801 4978912.452455 22273.617177
-1747270.250168 -3599072.443013 4978947.619499 22188.070593
-1747292.940302 -3599095.216864 4978982.549837 22103.415380
-1747316.162510 -3599118.732728 4979017.724352 22018.061085
-1747338.738819 -3599141.867426 4979052.316578 21933.292042
-1747361.663882 -3599164.907540 4979087.069440 21848.287729
-1747384.333289 -3599188.032069 4979122.082407 21763.364995
-1747406.909568 -3599210.883211 4979156.342812 21678.582911
-1747429.661709 -3599233.805964 4979191.263700 21593.614961
-1747452.859366 -3599257.357362 4979226.499187 21507.718253
-1747475.584312 -3599280.493949 4979260.844264 21422.744023
-1747497.937560 -3599303.476417 4979295.122762 21337.880577
-1747520.998164 -3599327.393090 4979330.211669 21251.982471
-1747543.784745 -3599349.919023 4979364.799996 21167.195080
-1747566.331292 -3599373.403426 4979399.199528 21081.558024
-1747588.887699 -3599396.136255 4979433.681560 20996.489606
-1747611.656700 -3599419.142386 4979468.628469 20910.892039
-1747633.981721 -3599441.681682 4979502.446142 20826.074760
-1747656.551195 -3599465.050237 4979537.045506 20740.532141
-1747679.399532 -3599488.305405 4979571.661667 20654.839368
-1747701.513552 -3599511.068885 4979605.788601 20569.557989
-1747724.799702 -3599534.252580 4979640.549887 20483.441706
-1747747.390311 -3599557.786788 4979674.964352 20397.303269
-1747769.415915 -3599579.964263 4979709.316919 20312.244580
-1747791.719157 -3599602.509061 4979743.270338 20226.954333
-1747814.118291 -3599625.854834 4979777.619310 20140.749094
-1747836.425846 -3599648.979586 4979811.791475 20054.865660
-1747858.758002 -3599671.679048 4979846.295307 19969.129340
-1747881.772589 -3599694.905840 4979881.079590 19882.577818
-1747903.829588 -3599717.617294 4979914.859010 19797.054934
-1747926.395228 -3599740.477742 4979949.226123 19710.925851
-1747948.475881 -3599762.907857 4979983.059776 19625.321827
-1747971.098386 -3599786.075042 4980017.284037 19538.972108
-1747993.638785 -3599809.945969 4980051.719079 19452.176737
-1748015.670438 -3599831.689678 4980085.326074 19366.796581
-1748038.146113 -3599854.656511 4980119.155683 19280.824673
-1748060.073958 -3599877.318666 4980153.418478 19194.617378
-1748082.175356 -3599900.320645 4980187.362371 19108.352407
-1748104.400886 -3599922.561981 4980221.613013 19022.174336
-1748126.976971 -3599945.127212 4980255.293107 18936.094572
-1748148.534180 -3599968.163266 4980288.720392 18850.043030
-1748171.139153 -3599991.511410 4980323.656078 18762.703177
-1748193.007686 -3600013.424511 4980356.874733 18677.227238
-1748214.867265 -3600036.322983 4980390.216588 18591.098426
-1748237.139556 -3600059.784443 4980424.351523 18504.082231
-1748259.668666 -3600082.518284 4980458.725814 18417.137139
-1748281.572832 -3600104.945616 4980491.975623 18331.195158
-1748303.696538 -3600128.015748 4980525.683976 18244.371166
-1748325.896731 -3600151.025265 4980560.535625 18156.881477
-1748347.584711 -3600172.989224 4980593.246091 18071.297252
-1748369.852438 -3600195.642013 4980627.453527 17984.374827
-1748391.831330 -3600218.447190 4980660.930539 17897.820212
-1748413.745145 -3600241.195793 4980694.235327 17811.181011
-1748435.566645 -3600263.377901 4980728.172863 17724.633094
-1748457.657095 -3600285.908741 4980761.463783 17637.864096
-1748479.334487 -3600308.669990 4980794.571342 17551.288757
-1748501.180688 -3600331.197132 4980827.922483 17464.681434
-1748523.028187 -3600353.306785 4980861.553003 17377.737156
-1748544.625815 -3600375.710001 4980894.847925 17291.263066
-1748567.008675 -3600399.370948 4980928.645330 17203.289088
-1748588.623163 -3600421.184179 4980962.235304 17116.677414
-1748610.123845 -3600444.079913 4980995.075398 17029.813790
-1748631.958560 -3600466.886431 4981029.300797 16942.032830
-1748653.315559 -3600488.796108 4981061.785294 16855.729221
-1748675.672220 -3600511.211044 4981095.231447 16768.503472
-1748697.122898 -3600533.630930 4981127.646882 16681.816060
-1748719.098081 -3600556.581350 4981161.329192 16594.186293
-1748740.576943 -3600578.233441 4981194.348100 16507.357947
-1748762.479640 -3600601.102913 4981228.517434 16419.126078
-1748783.909476 -3600623.072649 4981261.104464 16332.452276
-1748805.893538 -3600645.900253 4981294.932520 16244.283257
-1748827.566710 -3600668.517083 4981328.241732 16156.542781
-1748849.292469 -3600691.167523 4981361.233547 16068.980603
-1748870.254101 -3600713.022368 4981394.092060 15981.794413
-1748891.809493 -3600735.933435 4981426.122787 15894.605587
-1748913.649029 -3600757.608540 4981460.070622 15806.784822
-1748934.672276 -3600780.002621 4981492.695088 15719.253482
-1748956.293429 -3600802.284908 4981525.452694 15631.424543
-1748978.516672 -3600825.494634 4981558.752361 15542.623372
-1748999.173595 -3600846.923076 4981590.817430 15455.937133
-1749020.734385 -3600869.192023 4981624.298876 15367.424310
-1749042.315886 -3600892.245797 4981656.973040 15279.001083
-1749063.575248 -3600913.652337 4981689.426648 15191.634194
-1749084.766367 -3600936.296777 4981722.524507 15103.109191
-1749105.897241 -3600958.845817 4981754.863352 15015.087856
-1749127.608969 -3600981.583949 4981788.043844 14926.187619
-1749148.878248 -3601003.131293 4981820.997090 14838.041198
-1749170.362279 -3601024.955474 4981853.425120 14749.972341
-1749191.674819 -3601048.027108 4981886.293494 14660.988123
-1749212.718475 -3601070.003999 4981918.932382 14572.581636
-1749234.323167 -3601091.956582 4981951.104965 14484.383361
-1749255.098303 -3601113.965295 4981984.158317 14395.662710
-1749276.856537 -3601136.746957 4982017.334922 14306.307231
-1749297.844470 -3601158.700246 4982049.335355 14218.026108
-1749319.138988 -3601180.756636 4982082.050371 14129.105112
-1749340.232348 -3601202.880463 4982114.231209 14040.419756
-1749360.983659 -3601224.708432 4982146.438876 13952.151360
-1749382.414128 -3601247.291632 4982178.886522 13862.865471
-1749403.857415 -3601269.453577 4982211.583878 13773.666845
-1749424.587476 -3601290.931373 4982244.255651 13684.844442
-1749445.977172 -3601313.305253 4982275.552346 13596.507200
-1749466.901806 -3601335.066032 4982307.983954 13507.525439
-1749488.184781 -3601357.457560 4982340.526963 13418.005060
-1749508.704179 -3601379.388701 4982373.085232 13328.975026
-1749529.678256 -3601400.881381 4982405.135856 13240.071589
-1749550.788010 -3601423.641620 4982437.481593 13150.487624
-1749571.438209 -3601445.299295 4982468.895925 13061.923585
-1749592.602403 -3601467.426495 4982501.431904 12972.397643
-1749613.302558 -3601488.768019 4982533.632151 12883.286179
-1749634.394861 -3601511.370769 4982566.315506 12793.335754
-1749655.341686 -3601533.556212 4982598.062115 12704.063928
-1749676.719081 -3601555.778461 4982630.795603 12614.050620
-1749696.979876 -3601577.813717 4982662.765174 12524.737260
-1749717.992248 -3601599.764265 4982694.545871 12435.366573
-1749738.778969 -3601620.895859 4982726.248221 12346.317327
-1749759.472272 -3601642.417151 4982757.870975 12257.285144
-1749780.748920 -3601664.944045 4982791.111061 12166.761359
-1749801.144120 -3601686.774337 4982822.119983 12077.697809
-1749822.526626 -3601709.355924 4982854.721977 11987.278135
-1749842.845554 -3601730.670837 4982886.104419 11898.281254
-1749863.335036 -3601751.828677 4982917.366236 11809.626642
-1749884.145706 -3601774.140366 4982949.872981 11719.274190
-1749904.844108 -3601795.937241 4982981.078188 11629.946277
-1749925.686825 -3601817.534655 4983012.485830 11540.701148
-1749945.966437 -3601839.423090 4983044.205874 11450.934231
-1749966.707180 -3601861.619186 4983076.305857 11361.006151
-1749987.305752 -3601883.005034 4983107.825767 11271.581222
-1750007.603422 -3601904.569726 4983139.172154 11182.108387
-1750028.376835 -3601926.079263 4983171.494221 11092.235035
-1750048.745539 -3601948.175519 4983202.826299 11002.592832
-1750069.169624 -3601969.319296 4983234.095947 10913.119770
-1750090.019115 -3601991.941936 4983266.867917 10822.319234
-1750110.640142 -3602013.654931 4983297.730046 10732.840525
-1750130.728581 -3602035.264571 4983328.719002 10643.562660
-1750151.131389 -3602056.518936 4983360.175294 10553.958522
-1750171.992333 -3602079.046487 4983392.803621 10462.800849
-1750192.331996 -3602099.889606 4983423.516517 10373.749483
-1750212.472831 -3602121.808762 4983454.658375 10283.837537
-1750233.057943 -3602143.367563 4983486.042959 10193.861527
-1750253.168243 -3602165.260387 4983517.436356 10103.740229
-1750273.206357 -3602186.547627 4983548.643347 10013.965480
-1750294.161354 -3602208.549762 4983580.042260 9923.598009
-1750314.119997 -3602229.707010 4983611.721273 9833.454367
-1750334.571046 -3602251.708500 4983642.849614 9743.106026
-1750354.880149 -3602273.295197 4983673.578826 9653.300632
-1750375.079750 -3602294.487762 4983705.108354 9563.064806
-1750395.533995 -3602315.816359 4983736.170610 9473.083891
-1750415.951681 -3602337.623803 4983767.455970 9382.420162
-1750435.699750 -3602358.637199 4983798.013449 9292.788703
-1750455.939203 -3602380.835140 4983829.604691 9201.866617
-1750476.423051 -3602402.160147 4983861.156040 9111.176996
-1750496.554731 -3602423.409342 4983892.199944 9020.897434
-1750516.583652 -3602445.510471 4983922.771781 8930.526646
-1750536.595963 -3602466.912187 4983953.918260 8840.088141
-1750556.431755 -3602488.566496 4983984.391709 8750.124567
-1750576.957528 -3602510.552436 4984015.436564 8659.142642
-1750596.844832 -3602530.916369 4984046.703539 8568.906935
-1750617.047166 -3602553.062620 4984077.274135 8478.328618
-1750636.819853 -3602573.624728 4984108.774224 8387.893973
-1750656.953401 -3602595.377537 4984139.156624 8297.452509
-1750676.811823 -3602617.174021 4984170.080849 8206.619207
-1750696.876439 -3602638.206072 4984200.428374 8116.625094
-1750717.092121 -3602659.327282 4984231.386452 8026.230592
-1750737.130209 -3602680.948342 4984261.722175 7935.657125
-1750757.137938 -3602702.598694 4984292.467167 7844.838968
-1750776.560705 -3602723.126535 4984323.267831 7754.790193
-1750796.475075 -3602744.835040 4984354.423519 7663.913437
-1750816.545822 -3602766.020909 4984384.607020 7573.592627
-1750836.393933 -3602787.327196 4984415.382024 7483.001340
-1750856.520405 -3602809.345220 4984446.608328 7391.485344
-1750875.819975 -3602830.190398 4984476.765516 7301.560731
-1750895.729335 -3602851.555618 4984507.440038 7210.826271
-1750916.068546 -3602873.226765 4984538.410885 7119.654152
-1750935.241277 -3602893.674415 4984568.535751 7029.851959
-1750954.875124 -3602914.892811 4984599.279452 6939.101751
-1750974.594050 -3602935.997954 4984628.851998 6849.161361
-1750994.902734 -3602957.783659 4984659.632648 6758.036957
-1751014.107512 -3602979.295640 4984689.886348 6667.375256
-1751033.946217 -3603000.116991 4984720.870334 6576.547961
-1751053.807335 -3603021.993219 4984750.869788 6485.876504
-1751073.549573 -3603042.988006 4984781.072337 6395.425359
-1751092.738253 -3603063.611309 4984810.939586 6305.384974
-1751112.610287 -3603084.270999 4984841.356045 6214.588252
-1751132.084479 -3603105.392958 4984870.961422 6124.509604
-1751151.963934 -3603127.422658 4984901.746201 6033.035992
-1751171.455621 -3603148.359769 4984931.904712 5942.524266
-1751190.815601 -3603169.218195 4984962.014049 5852.069241
-1751210.155815 -3603190.238392 4984992.516392 5761.448397
-1751229.846246 -3603211.298843 4985022.166388 5671.119228
-1751249.431353 -3603232.766475 4985052.301515 5580.225255
-1751268.088186 -3603252.869558 4985082.249275 5490.190832
-1751288.376295 -3603275.432966 4985112.947664 5398.244826
-1751307.608297 -3603295.990593 4985142.580817 5308.307144
-1751326.675755 -3603316.367966 4985172.406055 5218.090790
